2023/06/29-10:59:02.166395 3ed0 RocksDB version: 6.15.2
2023/06/29-10:59:02.166440 3ed0 Git sha rocksdb_build_git_sha:@ca8082762f736a665b75fa1d39468856071bc3a9@
2023/06/29-10:59:02.166454 3ed0 Compile date Jan  4 2021
2023/06/29-10:59:02.166477 3ed0 DB SUMMARY
2023/06/29-10:59:02.166490 3ed0 DB Session ID:  2MDX71BCI28DYCVZWR9P
2023/06/29-10:59:02.166635 3ed0 CURRENT file:  CURRENT
2023/06/29-10:59:02.166647 3ed0 IDENTITY file:  IDENTITY
2023/06/29-10:59:02.166681 3ed0 MANIFEST file:  MANIFEST-000232 size: 882 Bytes
2023/06/29-10:59:02.166692 3ed0 SST files in C:\Users\susmi\qbft-network\node3\data\database dir, Total Num: 3, files: 000023.sst 000158.sst 000161.sst 
2023/06/29-10:59:02.166700 3ed0 Write Ahead Log file in C:\Users\susmi\qbft-network\node3\data\database: 000233.log size: 192 ; 
2023/06/29-10:59:02.166934 3ed0                         Options.error_if_exists: 0
2023/06/29-10:59:02.166940 3ed0                       Options.create_if_missing: 1
2023/06/29-10:59:02.166943 3ed0                         Options.paranoid_checks: 1
2023/06/29-10:59:02.166946 3ed0                               Options.track_and_verify_wals_in_manifest: 0
2023/06/29-10:59:02.166949 3ed0                                     Options.env: 000001C289BAF620
2023/06/29-10:59:02.166957 3ed0                                      Options.fs: Legacy File System
2023/06/29-10:59:02.166961 3ed0                                Options.info_log: 000001C28AD6A150
2023/06/29-10:59:02.166963 3ed0                Options.max_file_opening_threads: 16
2023/06/29-10:59:02.166966 3ed0                              Options.statistics: 000001C28AA5C2B0
2023/06/29-10:59:02.166969 3ed0                               Options.use_fsync: 0
2023/06/29-10:59:02.166972 3ed0                       Options.max_log_file_size: 0
2023/06/29-10:59:02.166975 3ed0                  Options.max_manifest_file_size: 1073741824
2023/06/29-10:59:02.166981 3ed0                   Options.log_file_time_to_roll: 0
2023/06/29-10:59:02.166984 3ed0                       Options.keep_log_file_num: 1000
2023/06/29-10:59:02.166986 3ed0                    Options.recycle_log_file_num: 0
2023/06/29-10:59:02.166989 3ed0                         Options.allow_fallocate: 1
2023/06/29-10:59:02.166992 3ed0                        Options.allow_mmap_reads: 0
2023/06/29-10:59:02.166995 3ed0                       Options.allow_mmap_writes: 0
2023/06/29-10:59:02.166998 3ed0                        Options.use_direct_reads: 0
2023/06/29-10:59:02.167000 3ed0                        Options.use_direct_io_for_flush_and_compaction: 0
2023/06/29-10:59:02.167003 3ed0          Options.create_missing_column_families: 1
2023/06/29-10:59:02.167006 3ed0                              Options.db_log_dir: 
2023/06/29-10:59:02.167009 3ed0                                 Options.wal_dir: C:\Users\susmi\qbft-network\node3\data\database
2023/06/29-10:59:02.167012 3ed0                Options.table_cache_numshardbits: 6
2023/06/29-10:59:02.167014 3ed0                         Options.WAL_ttl_seconds: 0
2023/06/29-10:59:02.167017 3ed0                       Options.WAL_size_limit_MB: 0
2023/06/29-10:59:02.167020 3ed0                        Options.max_write_batch_group_size_bytes: 1048576
2023/06/29-10:59:02.167023 3ed0             Options.manifest_preallocation_size: 4194304
2023/06/29-10:59:02.167026 3ed0                     Options.is_fd_close_on_exec: 1
2023/06/29-10:59:02.167029 3ed0                   Options.advise_random_on_open: 1
2023/06/29-10:59:02.167031 3ed0                    Options.db_write_buffer_size: 0
2023/06/29-10:59:02.167034 3ed0                    Options.write_buffer_manager: 000001C28AE965B0
2023/06/29-10:59:02.167037 3ed0         Options.access_hint_on_compaction_start: 1
2023/06/29-10:59:02.167040 3ed0  Options.new_table_reader_for_compaction_inputs: 0
2023/06/29-10:59:02.167043 3ed0           Options.random_access_max_buffer_size: 1048576
2023/06/29-10:59:02.167045 3ed0                      Options.use_adaptive_mutex: 0
2023/06/29-10:59:02.167048 3ed0                            Options.rate_limiter: 0000000000000000
2023/06/29-10:59:02.167069 3ed0     Options.sst_file_manager.rate_bytes_per_sec: 0
2023/06/29-10:59:02.167074 3ed0                       Options.wal_recovery_mode: 2
2023/06/29-10:59:02.167077 3ed0                  Options.enable_thread_tracking: 0
2023/06/29-10:59:02.167079 3ed0                  Options.enable_pipelined_write: 0
2023/06/29-10:59:02.167082 3ed0                  Options.unordered_write: 0
2023/06/29-10:59:02.167085 3ed0         Options.allow_concurrent_memtable_write: 1
2023/06/29-10:59:02.167088 3ed0      Options.enable_write_thread_adaptive_yield: 1
2023/06/29-10:59:02.167090 3ed0             Options.write_thread_max_yield_usec: 100
2023/06/29-10:59:02.167093 3ed0            Options.write_thread_slow_yield_usec: 3
2023/06/29-10:59:02.167096 3ed0                               Options.row_cache: None
2023/06/29-10:59:02.167099 3ed0                              Options.wal_filter: None
2023/06/29-10:59:02.167101 3ed0             Options.avoid_flush_during_recovery: 0
2023/06/29-10:59:02.167104 3ed0             Options.allow_ingest_behind: 0
2023/06/29-10:59:02.167107 3ed0             Options.preserve_deletes: 0
2023/06/29-10:59:02.167110 3ed0             Options.two_write_queues: 0
2023/06/29-10:59:02.167112 3ed0             Options.manual_wal_flush: 0
2023/06/29-10:59:02.167115 3ed0             Options.atomic_flush: 0
2023/06/29-10:59:02.167118 3ed0             Options.avoid_unnecessary_blocking_io: 0
2023/06/29-10:59:02.167120 3ed0                 Options.persist_stats_to_disk: 0
2023/06/29-10:59:02.167123 3ed0                 Options.write_dbid_to_manifest: 0
2023/06/29-10:59:02.167126 3ed0                 Options.log_readahead_size: 0
2023/06/29-10:59:02.167129 3ed0                 Options.file_checksum_gen_factory: Unknown
2023/06/29-10:59:02.167132 3ed0                 Options.best_efforts_recovery: 0
2023/06/29-10:59:02.167134 3ed0                Options.max_bgerror_resume_count: 2147483647
2023/06/29-10:59:02.167137 3ed0            Options.bgerror_resume_retry_interval: 1000000
2023/06/29-10:59:02.167140 3ed0             Options.allow_data_in_errors: 0
2023/06/29-10:59:02.167143 3ed0             Options.db_host_id: __hostname__
2023/06/29-10:59:02.167146 3ed0             Options.max_background_jobs: 2
2023/06/29-10:59:02.167149 3ed0             Options.max_background_compactions: 4
2023/06/29-10:59:02.167151 3ed0             Options.max_subcompactions: 1
2023/06/29-10:59:02.167154 3ed0             Options.avoid_flush_during_shutdown: 0
2023/06/29-10:59:02.167157 3ed0           Options.writable_file_max_buffer_size: 1048576
2023/06/29-10:59:02.167160 3ed0             Options.delayed_write_rate : 16777216
2023/06/29-10:59:02.167163 3ed0             Options.max_total_wal_size: 0
2023/06/29-10:59:02.167165 3ed0             Options.delete_obsolete_files_period_micros: 21600000000
2023/06/29-10:59:02.167168 3ed0                   Options.stats_dump_period_sec: 600
2023/06/29-10:59:02.167171 3ed0                 Options.stats_persist_period_sec: 600
2023/06/29-10:59:02.167174 3ed0                 Options.stats_history_buffer_size: 1048576
2023/06/29-10:59:02.167177 3ed0                          Options.max_open_files: 1024
2023/06/29-10:59:02.167179 3ed0                          Options.bytes_per_sync: 0
2023/06/29-10:59:02.167182 3ed0                      Options.wal_bytes_per_sync: 0
2023/06/29-10:59:02.167185 3ed0                   Options.strict_bytes_per_sync: 0
2023/06/29-10:59:02.167188 3ed0       Options.compaction_readahead_size: 0
2023/06/29-10:59:02.167190 3ed0                  Options.max_background_flushes: -1
2023/06/29-10:59:02.167193 3ed0 Compression algorithms supported:
2023/06/29-10:59:02.167197 3ed0 	kZSTD supported: 1
2023/06/29-10:59:02.167200 3ed0 	kSnappyCompression supported: 1
2023/06/29-10:59:02.167203 3ed0 	kBZip2Compression supported: 0
2023/06/29-10:59:02.167205 3ed0 	kZlibCompression supported: 1
2023/06/29-10:59:02.167208 3ed0 	kLZ4Compression supported: 1
2023/06/29-10:59:02.167211 3ed0 	kXpressCompression supported: 0
2023/06/29-10:59:02.167214 3ed0 	kLZ4HCCompression supported: 1
2023/06/29-10:59:02.167229 3ed0 	kZSTDNotFinalCompression supported: 1
2023/06/29-10:59:02.167240 3ed0 Fast CRC32 supported: Supported on x86
2023/06/29-10:59:02.168037 3ed0 [db\version_set.cc:4725] Recovering from manifest file: C:\Users\susmi\qbft-network\node3\data\database/MANIFEST-000232
2023/06/29-10:59:02.168305 3ed0 [db\column_family.cc:597] --------------- Options for column family [default]:
2023/06/29-10:59:02.168318 3ed0               Options.comparator: leveldb.BytewiseComparator
2023/06/29-10:59:02.168321 3ed0           Options.merge_operator: None
2023/06/29-10:59:02.168324 3ed0        Options.compaction_filter: None
2023/06/29-10:59:02.168327 3ed0        Options.compaction_filter_factory: None
2023/06/29-10:59:02.168332 3ed0  Options.sst_partitioner_factory: None
2023/06/29-10:59:02.168335 3ed0         Options.memtable_factory: SkipListFactory
2023/06/29-10:59:02.168338 3ed0            Options.table_factory: BlockBasedTable
2023/06/29-10:59:02.168363 3ed0            table_factory options:   flush_block_policy_factory: FlushBlockBySizePolicyFactory (000001C289C6C4E0)
  cache_index_and_filter_blocks: 0
  cache_index_and_filter_blocks_with_high_priority: 1
  pin_l0_filter_and_index_blocks_in_cache: 0
  pin_top_level_index_and_filter: 1
  index_type: 0
  data_block_index_type: 0
  index_shortening: 1
  data_block_hash_table_util_ratio: 0.750000
  hash_index_allow_collision: 1
  checksum: 1
  no_block_cache: 0
  block_cache: 000001C28A15DE00
  block_cache_name: LRUCache
  block_cache_options:
    capacity : 8388608
    num_shard_bits : 4
    strict_capacity_limit : 0
    memory_allocator : None
    high_pri_pool_ratio: 0.000
  block_cache_compressed: 0000000000000000
  persistent_cache: 0000000000000000
  block_size: 4096
  block_size_deviation: 10
  block_restart_interval: 16
  index_block_restart_interval: 1
  metadata_block_size: 4096
  partition_filters: 0
  use_delta_encoding: 1
  filter_policy: nullptr
  whole_key_filtering: 1
  verify_compression: 0
  read_amp_bytes_per_bit: 0
  format_version: 4
  enable_index_compression: 1
  block_align: 0
2023/06/29-10:59:02.168367 3ed0        Options.write_buffer_size: 67108864
2023/06/29-10:59:02.168370 3ed0  Options.max_write_buffer_number: 2
2023/06/29-10:59:02.168373 3ed0          Options.compression: Snappy
2023/06/29-10:59:02.168375 3ed0                  Options.bottommost_compression: Disabled
2023/06/29-10:59:02.168378 3ed0       Options.prefix_extractor: nullptr
2023/06/29-10:59:02.168381 3ed0   Options.memtable_insert_with_hint_prefix_extractor: nullptr
2023/06/29-10:59:02.168384 3ed0             Options.num_levels: 7
2023/06/29-10:59:02.168386 3ed0        Options.min_write_buffer_number_to_merge: 1
2023/06/29-10:59:02.168389 3ed0     Options.max_write_buffer_number_to_maintain: 0
2023/06/29-10:59:02.168392 3ed0     Options.max_write_buffer_size_to_maintain: 134217728
2023/06/29-10:59:02.168395 3ed0            Options.bottommost_compression_opts.window_bits: -14
2023/06/29-10:59:02.168398 3ed0                  Options.bottommost_compression_opts.level: 32767
2023/06/29-10:59:02.168400 3ed0               Options.bottommost_compression_opts.strategy: 0
2023/06/29-10:59:02.168403 3ed0         Options.bottommost_compression_opts.max_dict_bytes: 0
2023/06/29-10:59:02.168406 3ed0         Options.bottommost_compression_opts.zstd_max_train_bytes: 0
2023/06/29-10:59:02.168409 3ed0         Options.bottommost_compression_opts.parallel_threads: 1
2023/06/29-10:59:02.168412 3ed0                  Options.bottommost_compression_opts.enabled: false
2023/06/29-10:59:02.168415 3ed0            Options.compression_opts.window_bits: -14
2023/06/29-10:59:02.168417 3ed0                  Options.compression_opts.level: 32767
2023/06/29-10:59:02.168420 3ed0               Options.compression_opts.strategy: 0
2023/06/29-10:59:02.168423 3ed0         Options.compression_opts.max_dict_bytes: 0
2023/06/29-10:59:02.168425 3ed0         Options.compression_opts.zstd_max_train_bytes: 0
2023/06/29-10:59:02.168428 3ed0         Options.compression_opts.parallel_threads: 1
2023/06/29-10:59:02.168431 3ed0                  Options.compression_opts.enabled: false
2023/06/29-10:59:02.168435 3ed0      Options.level0_file_num_compaction_trigger: 4
2023/06/29-10:59:02.168438 3ed0          Options.level0_slowdown_writes_trigger: 20
2023/06/29-10:59:02.168441 3ed0              Options.level0_stop_writes_trigger: 36
2023/06/29-10:59:02.168444 3ed0                   Options.target_file_size_base: 67108864
2023/06/29-10:59:02.168447 3ed0             Options.target_file_size_multiplier: 1
2023/06/29-10:59:02.168449 3ed0                Options.max_bytes_for_level_base: 268435456
2023/06/29-10:59:02.168452 3ed0 Options.level_compaction_dynamic_level_bytes: 0
2023/06/29-10:59:02.168455 3ed0          Options.max_bytes_for_level_multiplier: 10.000000
2023/06/29-10:59:02.168459 3ed0 Options.max_bytes_for_level_multiplier_addtl[0]: 1
2023/06/29-10:59:02.168462 3ed0 Options.max_bytes_for_level_multiplier_addtl[1]: 1
2023/06/29-10:59:02.168464 3ed0 Options.max_bytes_for_level_multiplier_addtl[2]: 1
2023/06/29-10:59:02.168467 3ed0 Options.max_bytes_for_level_multiplier_addtl[3]: 1
2023/06/29-10:59:02.168470 3ed0 Options.max_bytes_for_level_multiplier_addtl[4]: 1
2023/06/29-10:59:02.168473 3ed0 Options.max_bytes_for_level_multiplier_addtl[5]: 1
2023/06/29-10:59:02.168475 3ed0 Options.max_bytes_for_level_multiplier_addtl[6]: 1
2023/06/29-10:59:02.168478 3ed0       Options.max_sequential_skip_in_iterations: 8
2023/06/29-10:59:02.168481 3ed0                    Options.max_compaction_bytes: 1677721600
2023/06/29-10:59:02.168484 3ed0                        Options.arena_block_size: 8388608
2023/06/29-10:59:02.168487 3ed0   Options.soft_pending_compaction_bytes_limit: 68719476736
2023/06/29-10:59:02.168489 3ed0   Options.hard_pending_compaction_bytes_limit: 274877906944
2023/06/29-10:59:02.168492 3ed0       Options.rate_limit_delay_max_milliseconds: 100
2023/06/29-10:59:02.168495 3ed0                Options.disable_auto_compactions: 0
2023/06/29-10:59:02.168498 3ed0                        Options.compaction_style: kCompactionStyleLevel
2023/06/29-10:59:02.168502 3ed0                          Options.compaction_pri: kMinOverlappingRatio
2023/06/29-10:59:02.168505 3ed0 Options.compaction_options_universal.size_ratio: 1
2023/06/29-10:59:02.168507 3ed0 Options.compaction_options_universal.min_merge_width: 2
2023/06/29-10:59:02.168510 3ed0 Options.compaction_options_universal.max_merge_width: 4294967295
2023/06/29-10:59:02.168513 3ed0 Options.compaction_options_universal.max_size_amplification_percent: 200
2023/06/29-10:59:02.168516 3ed0 Options.compaction_options_universal.compression_size_percent: -1
2023/06/29-10:59:02.168519 3ed0 Options.compaction_options_universal.stop_style: kCompactionStopStyleTotalSize
2023/06/29-10:59:02.168522 3ed0 Options.compaction_options_fifo.max_table_files_size: 1073741824
2023/06/29-10:59:02.168525 3ed0 Options.compaction_options_fifo.allow_compaction: 0
2023/06/29-10:59:02.168530 3ed0                   Options.table_properties_collectors: 
2023/06/29-10:59:02.168533 3ed0                   Options.inplace_update_support: 0
2023/06/29-10:59:02.168536 3ed0                 Options.inplace_update_num_locks: 10000
2023/06/29-10:59:02.168539 3ed0               Options.memtable_prefix_bloom_size_ratio: 0.000000
2023/06/29-10:59:02.168542 3ed0               Options.memtable_whole_key_filtering: 0
2023/06/29-10:59:02.168545 3ed0   Options.memtable_huge_page_size: 0
2023/06/29-10:59:02.168548 3ed0                           Options.bloom_locality: 0
2023/06/29-10:59:02.168551 3ed0                    Options.max_successive_merges: 0
2023/06/29-10:59:02.168553 3ed0                Options.optimize_filters_for_hits: 0
2023/06/29-10:59:02.168556 3ed0                Options.paranoid_file_checks: 0
2023/06/29-10:59:02.168559 3ed0                Options.force_consistency_checks: 1
2023/06/29-10:59:02.168562 3ed0                Options.report_bg_io_stats: 0
2023/06/29-10:59:02.168564 3ed0                               Options.ttl: 2592000
2023/06/29-10:59:02.168567 3ed0          Options.periodic_compaction_seconds: 0
2023/06/29-10:59:02.168590 3ed0                    Options.enable_blob_files: false
2023/06/29-10:59:02.168594 3ed0                        Options.min_blob_size: 0
2023/06/29-10:59:02.168597 3ed0                       Options.blob_file_size: 268435456
2023/06/29-10:59:02.168600 3ed0                Options.blob_compression_type: NoCompression
2023/06/29-10:59:02.168603 3ed0       Options.enable_blob_garbage_collection: false
2023/06/29-10:59:02.168606 3ed0   Options.blob_garbage_collection_age_cutoff: 0.250000
2023/06/29-10:59:02.168766 3ed0 [db\column_family.cc:597] --------------- Options for column family []:
2023/06/29-10:59:02.168773 3ed0               Options.comparator: leveldb.BytewiseComparator
2023/06/29-10:59:02.168776 3ed0           Options.merge_operator: None
2023/06/29-10:59:02.168779 3ed0        Options.compaction_filter: None
2023/06/29-10:59:02.168782 3ed0        Options.compaction_filter_factory: None
2023/06/29-10:59:02.168784 3ed0  Options.sst_partitioner_factory: None
2023/06/29-10:59:02.168787 3ed0         Options.memtable_factory: SkipListFactory
2023/06/29-10:59:02.168790 3ed0            Options.table_factory: BlockBasedTable
2023/06/29-10:59:02.168807 3ed0            table_factory options:   flush_block_policy_factory: FlushBlockBySizePolicyFactory (000001C289C6C6B0)
  cache_index_and_filter_blocks: 0
  cache_index_and_filter_blocks_with_high_priority: 1
  pin_l0_filter_and_index_blocks_in_cache: 0
  pin_top_level_index_and_filter: 1
  index_type: 0
  data_block_index_type: 0
  index_shortening: 1
  data_block_hash_table_util_ratio: 0.750000
  hash_index_allow_collision: 1
  checksum: 1
  no_block_cache: 0
  block_cache: 000001C28A15E850
  block_cache_name: LRUCache
  block_cache_options:
    capacity : 8388608
    num_shard_bits : 4
    strict_capacity_limit : 0
    memory_allocator : None
    high_pri_pool_ratio: 0.000
  block_cache_compressed: 0000000000000000
  persistent_cache: 0000000000000000
  block_size: 4096
  block_size_deviation: 10
  block_restart_interval: 16
  index_block_restart_interval: 1
  metadata_block_size: 4096
  partition_filters: 0
  use_delta_encoding: 1
  filter_policy: nullptr
  whole_key_filtering: 1
  verify_compression: 0
  read_amp_bytes_per_bit: 0
  format_version: 4
  enable_index_compression: 1
  block_align: 0
2023/06/29-10:59:02.168811 3ed0        Options.write_buffer_size: 67108864
2023/06/29-10:59:02.168814 3ed0  Options.max_write_buffer_number: 2
2023/06/29-10:59:02.168817 3ed0          Options.compression: Snappy
2023/06/29-10:59:02.168820 3ed0                  Options.bottommost_compression: Disabled
2023/06/29-10:59:02.168823 3ed0       Options.prefix_extractor: nullptr
2023/06/29-10:59:02.168825 3ed0   Options.memtable_insert_with_hint_prefix_extractor: nullptr
2023/06/29-10:59:02.168828 3ed0             Options.num_levels: 7
2023/06/29-10:59:02.168831 3ed0        Options.min_write_buffer_number_to_merge: 1
2023/06/29-10:59:02.168834 3ed0     Options.max_write_buffer_number_to_maintain: 0
2023/06/29-10:59:02.168836 3ed0     Options.max_write_buffer_size_to_maintain: 134217728
2023/06/29-10:59:02.168839 3ed0            Options.bottommost_compression_opts.window_bits: -14
2023/06/29-10:59:02.168842 3ed0                  Options.bottommost_compression_opts.level: 32767
2023/06/29-10:59:02.168845 3ed0               Options.bottommost_compression_opts.strategy: 0
2023/06/29-10:59:02.168847 3ed0         Options.bottommost_compression_opts.max_dict_bytes: 0
2023/06/29-10:59:02.168850 3ed0         Options.bottommost_compression_opts.zstd_max_train_bytes: 0
2023/06/29-10:59:02.168853 3ed0         Options.bottommost_compression_opts.parallel_threads: 1
2023/06/29-10:59:02.168856 3ed0                  Options.bottommost_compression_opts.enabled: false
2023/06/29-10:59:02.168859 3ed0            Options.compression_opts.window_bits: -14
2023/06/29-10:59:02.168861 3ed0                  Options.compression_opts.level: 32767
2023/06/29-10:59:02.168864 3ed0               Options.compression_opts.strategy: 0
2023/06/29-10:59:02.168867 3ed0         Options.compression_opts.max_dict_bytes: 0
2023/06/29-10:59:02.168871 3ed0         Options.compression_opts.zstd_max_train_bytes: 0
2023/06/29-10:59:02.168874 3ed0         Options.compression_opts.parallel_threads: 1
2023/06/29-10:59:02.168877 3ed0                  Options.compression_opts.enabled: false
2023/06/29-10:59:02.168880 3ed0      Options.level0_file_num_compaction_trigger: 4
2023/06/29-10:59:02.168883 3ed0          Options.level0_slowdown_writes_trigger: 20
2023/06/29-10:59:02.168885 3ed0              Options.level0_stop_writes_trigger: 36
2023/06/29-10:59:02.168888 3ed0                   Options.target_file_size_base: 67108864
2023/06/29-10:59:02.168891 3ed0             Options.target_file_size_multiplier: 1
2023/06/29-10:59:02.168894 3ed0                Options.max_bytes_for_level_base: 268435456
2023/06/29-10:59:02.168896 3ed0 Options.level_compaction_dynamic_level_bytes: 0
2023/06/29-10:59:02.168899 3ed0          Options.max_bytes_for_level_multiplier: 10.000000
2023/06/29-10:59:02.168903 3ed0 Options.max_bytes_for_level_multiplier_addtl[0]: 1
2023/06/29-10:59:02.168905 3ed0 Options.max_bytes_for_level_multiplier_addtl[1]: 1
2023/06/29-10:59:02.168908 3ed0 Options.max_bytes_for_level_multiplier_addtl[2]: 1
2023/06/29-10:59:02.168911 3ed0 Options.max_bytes_for_level_multiplier_addtl[3]: 1
2023/06/29-10:59:02.168914 3ed0 Options.max_bytes_for_level_multiplier_addtl[4]: 1
2023/06/29-10:59:02.168917 3ed0 Options.max_bytes_for_level_multiplier_addtl[5]: 1
2023/06/29-10:59:02.168919 3ed0 Options.max_bytes_for_level_multiplier_addtl[6]: 1
2023/06/29-10:59:02.168922 3ed0       Options.max_sequential_skip_in_iterations: 8
2023/06/29-10:59:02.168925 3ed0                    Options.max_compaction_bytes: 1677721600
2023/06/29-10:59:02.168928 3ed0                        Options.arena_block_size: 8388608
2023/06/29-10:59:02.168931 3ed0   Options.soft_pending_compaction_bytes_limit: 68719476736
2023/06/29-10:59:02.168934 3ed0   Options.hard_pending_compaction_bytes_limit: 274877906944
2023/06/29-10:59:02.168936 3ed0       Options.rate_limit_delay_max_milliseconds: 100
2023/06/29-10:59:02.168939 3ed0                Options.disable_auto_compactions: 0
2023/06/29-10:59:02.168942 3ed0                        Options.compaction_style: kCompactionStyleLevel
2023/06/29-10:59:02.168945 3ed0                          Options.compaction_pri: kMinOverlappingRatio
2023/06/29-10:59:02.168948 3ed0 Options.compaction_options_universal.size_ratio: 1
2023/06/29-10:59:02.168951 3ed0 Options.compaction_options_universal.min_merge_width: 2
2023/06/29-10:59:02.168954 3ed0 Options.compaction_options_universal.max_merge_width: 4294967295
2023/06/29-10:59:02.168957 3ed0 Options.compaction_options_universal.max_size_amplification_percent: 200
2023/06/29-10:59:02.168959 3ed0 Options.compaction_options_universal.compression_size_percent: -1
2023/06/29-10:59:02.168962 3ed0 Options.compaction_options_universal.stop_style: kCompactionStopStyleTotalSize
2023/06/29-10:59:02.168965 3ed0 Options.compaction_options_fifo.max_table_files_size: 1073741824
2023/06/29-10:59:02.168968 3ed0 Options.compaction_options_fifo.allow_compaction: 0
2023/06/29-10:59:02.168971 3ed0                   Options.table_properties_collectors: 
2023/06/29-10:59:02.168974 3ed0                   Options.inplace_update_support: 0
2023/06/29-10:59:02.168977 3ed0                 Options.inplace_update_num_locks: 10000
2023/06/29-10:59:02.168980 3ed0               Options.memtable_prefix_bloom_size_ratio: 0.000000
2023/06/29-10:59:02.168983 3ed0               Options.memtable_whole_key_filtering: 0
2023/06/29-10:59:02.168986 3ed0   Options.memtable_huge_page_size: 0
2023/06/29-10:59:02.168988 3ed0                           Options.bloom_locality: 0
2023/06/29-10:59:02.168991 3ed0                    Options.max_successive_merges: 0
2023/06/29-10:59:02.168994 3ed0                Options.optimize_filters_for_hits: 0
2023/06/29-10:59:02.168997 3ed0                Options.paranoid_file_checks: 0
2023/06/29-10:59:02.168999 3ed0                Options.force_consistency_checks: 1
2023/06/29-10:59:02.169002 3ed0                Options.report_bg_io_stats: 0
2023/06/29-10:59:02.169005 3ed0                               Options.ttl: 2592000
2023/06/29-10:59:02.169009 3ed0          Options.periodic_compaction_seconds: 0
2023/06/29-10:59:02.169011 3ed0                    Options.enable_blob_files: false
2023/06/29-10:59:02.169014 3ed0                        Options.min_blob_size: 0
2023/06/29-10:59:02.169017 3ed0                       Options.blob_file_size: 268435456
2023/06/29-10:59:02.169020 3ed0                Options.blob_compression_type: NoCompression
2023/06/29-10:59:02.169023 3ed0       Options.enable_blob_garbage_collection: false
2023/06/29-10:59:02.169025 3ed0   Options.blob_garbage_collection_age_cutoff: 0.250000
2023/06/29-10:59:02.169079 3ed0 [db\column_family.cc:597] --------------- Options for column family []:
2023/06/29-10:59:02.169084 3ed0               Options.comparator: leveldb.BytewiseComparator
2023/06/29-10:59:02.169087 3ed0           Options.merge_operator: None
2023/06/29-10:59:02.169090 3ed0        Options.compaction_filter: None
2023/06/29-10:59:02.169093 3ed0        Options.compaction_filter_factory: None
2023/06/29-10:59:02.169095 3ed0  Options.sst_partitioner_factory: None
2023/06/29-10:59:02.169098 3ed0         Options.memtable_factory: SkipListFactory
2023/06/29-10:59:02.169101 3ed0            Options.table_factory: BlockBasedTable
2023/06/29-10:59:02.169119 3ed0            table_factory options:   flush_block_policy_factory: FlushBlockBySizePolicyFactory (000001C289C6C5B0)
  cache_index_and_filter_blocks: 0
  cache_index_and_filter_blocks_with_high_priority: 1
  pin_l0_filter_and_index_blocks_in_cache: 0
  pin_top_level_index_and_filter: 1
  index_type: 0
  data_block_index_type: 0
  index_shortening: 1
  data_block_hash_table_util_ratio: 0.750000
  hash_index_allow_collision: 1
  checksum: 1
  no_block_cache: 0
  block_cache: 000001C28A15DCA0
  block_cache_name: LRUCache
  block_cache_options:
    capacity : 8388608
    num_shard_bits : 4
    strict_capacity_limit : 0
    memory_allocator : None
    high_pri_pool_ratio: 0.000
  block_cache_compressed: 0000000000000000
  persistent_cache: 0000000000000000
  block_size: 4096
  block_size_deviation: 10
  block_restart_interval: 16
  index_block_restart_interval: 1
  metadata_block_size: 4096
  partition_filters: 0
  use_delta_encoding: 1
  filter_policy: nullptr
  whole_key_filtering: 1
  verify_compression: 0
  read_amp_bytes_per_bit: 0
  format_version: 4
  enable_index_compression: 1
  block_align: 0
2023/06/29-10:59:02.169123 3ed0        Options.write_buffer_size: 67108864
2023/06/29-10:59:02.169126 3ed0  Options.max_write_buffer_number: 2
2023/06/29-10:59:02.169129 3ed0          Options.compression: Snappy
2023/06/29-10:59:02.169132 3ed0                  Options.bottommost_compression: Disabled
2023/06/29-10:59:02.169135 3ed0       Options.prefix_extractor: nullptr
2023/06/29-10:59:02.169137 3ed0   Options.memtable_insert_with_hint_prefix_extractor: nullptr
2023/06/29-10:59:02.169140 3ed0             Options.num_levels: 7
2023/06/29-10:59:02.169143 3ed0        Options.min_write_buffer_number_to_merge: 1
2023/06/29-10:59:02.169145 3ed0     Options.max_write_buffer_number_to_maintain: 0
2023/06/29-10:59:02.169148 3ed0     Options.max_write_buffer_size_to_maintain: 134217728
2023/06/29-10:59:02.169151 3ed0            Options.bottommost_compression_opts.window_bits: -14
2023/06/29-10:59:02.169154 3ed0                  Options.bottommost_compression_opts.level: 32767
2023/06/29-10:59:02.169156 3ed0               Options.bottommost_compression_opts.strategy: 0
2023/06/29-10:59:02.169159 3ed0         Options.bottommost_compression_opts.max_dict_bytes: 0
2023/06/29-10:59:02.169162 3ed0         Options.bottommost_compression_opts.zstd_max_train_bytes: 0
2023/06/29-10:59:02.169165 3ed0         Options.bottommost_compression_opts.parallel_threads: 1
2023/06/29-10:59:02.169168 3ed0                  Options.bottommost_compression_opts.enabled: false
2023/06/29-10:59:02.169170 3ed0            Options.compression_opts.window_bits: -14
2023/06/29-10:59:02.169173 3ed0                  Options.compression_opts.level: 32767
2023/06/29-10:59:02.169177 3ed0               Options.compression_opts.strategy: 0
2023/06/29-10:59:02.169180 3ed0         Options.compression_opts.max_dict_bytes: 0
2023/06/29-10:59:02.169183 3ed0         Options.compression_opts.zstd_max_train_bytes: 0
2023/06/29-10:59:02.169186 3ed0         Options.compression_opts.parallel_threads: 1
2023/06/29-10:59:02.169189 3ed0                  Options.compression_opts.enabled: false
2023/06/29-10:59:02.169192 3ed0      Options.level0_file_num_compaction_trigger: 4
2023/06/29-10:59:02.169194 3ed0          Options.level0_slowdown_writes_trigger: 20
2023/06/29-10:59:02.169197 3ed0              Options.level0_stop_writes_trigger: 36
2023/06/29-10:59:02.169200 3ed0                   Options.target_file_size_base: 67108864
2023/06/29-10:59:02.169203 3ed0             Options.target_file_size_multiplier: 1
2023/06/29-10:59:02.169205 3ed0                Options.max_bytes_for_level_base: 268435456
2023/06/29-10:59:02.169208 3ed0 Options.level_compaction_dynamic_level_bytes: 0
2023/06/29-10:59:02.169211 3ed0          Options.max_bytes_for_level_multiplier: 10.000000
2023/06/29-10:59:02.169214 3ed0 Options.max_bytes_for_level_multiplier_addtl[0]: 1
2023/06/29-10:59:02.169217 3ed0 Options.max_bytes_for_level_multiplier_addtl[1]: 1
2023/06/29-10:59:02.169220 3ed0 Options.max_bytes_for_level_multiplier_addtl[2]: 1
2023/06/29-10:59:02.169223 3ed0 Options.max_bytes_for_level_multiplier_addtl[3]: 1
2023/06/29-10:59:02.169225 3ed0 Options.max_bytes_for_level_multiplier_addtl[4]: 1
2023/06/29-10:59:02.169228 3ed0 Options.max_bytes_for_level_multiplier_addtl[5]: 1
2023/06/29-10:59:02.169231 3ed0 Options.max_bytes_for_level_multiplier_addtl[6]: 1
2023/06/29-10:59:02.169234 3ed0       Options.max_sequential_skip_in_iterations: 8
2023/06/29-10:59:02.169237 3ed0                    Options.max_compaction_bytes: 1677721600
2023/06/29-10:59:02.169239 3ed0                        Options.arena_block_size: 8388608
2023/06/29-10:59:02.169242 3ed0   Options.soft_pending_compaction_bytes_limit: 68719476736
2023/06/29-10:59:02.169245 3ed0   Options.hard_pending_compaction_bytes_limit: 274877906944
2023/06/29-10:59:02.169248 3ed0       Options.rate_limit_delay_max_milliseconds: 100
2023/06/29-10:59:02.169250 3ed0                Options.disable_auto_compactions: 0
2023/06/29-10:59:02.169253 3ed0                        Options.compaction_style: kCompactionStyleLevel
2023/06/29-10:59:02.169256 3ed0                          Options.compaction_pri: kMinOverlappingRatio
2023/06/29-10:59:02.169259 3ed0 Options.compaction_options_universal.size_ratio: 1
2023/06/29-10:59:02.169262 3ed0 Options.compaction_options_universal.min_merge_width: 2
2023/06/29-10:59:02.169264 3ed0 Options.compaction_options_universal.max_merge_width: 4294967295
2023/06/29-10:59:02.169267 3ed0 Options.compaction_options_universal.max_size_amplification_percent: 200
2023/06/29-10:59:02.169270 3ed0 Options.compaction_options_universal.compression_size_percent: -1
2023/06/29-10:59:02.169273 3ed0 Options.compaction_options_universal.stop_style: kCompactionStopStyleTotalSize
2023/06/29-10:59:02.169276 3ed0 Options.compaction_options_fifo.max_table_files_size: 1073741824
2023/06/29-10:59:02.169279 3ed0 Options.compaction_options_fifo.allow_compaction: 0
2023/06/29-10:59:02.169282 3ed0                   Options.table_properties_collectors: 
2023/06/29-10:59:02.169285 3ed0                   Options.inplace_update_support: 0
2023/06/29-10:59:02.169287 3ed0                 Options.inplace_update_num_locks: 10000
2023/06/29-10:59:02.169290 3ed0               Options.memtable_prefix_bloom_size_ratio: 0.000000
2023/06/29-10:59:02.169293 3ed0               Options.memtable_whole_key_filtering: 0
2023/06/29-10:59:02.169296 3ed0   Options.memtable_huge_page_size: 0
2023/06/29-10:59:02.169299 3ed0                           Options.bloom_locality: 0
2023/06/29-10:59:02.169301 3ed0                    Options.max_successive_merges: 0
2023/06/29-10:59:02.169304 3ed0                Options.optimize_filters_for_hits: 0
2023/06/29-10:59:02.169323 3ed0                Options.paranoid_file_checks: 0
2023/06/29-10:59:02.169327 3ed0                Options.force_consistency_checks: 1
2023/06/29-10:59:02.169330 3ed0                Options.report_bg_io_stats: 0
2023/06/29-10:59:02.169333 3ed0                               Options.ttl: 2592000
2023/06/29-10:59:02.169336 3ed0          Options.periodic_compaction_seconds: 0
2023/06/29-10:59:02.169339 3ed0                    Options.enable_blob_files: false
2023/06/29-10:59:02.169341 3ed0                        Options.min_blob_size: 0
2023/06/29-10:59:02.169344 3ed0                       Options.blob_file_size: 268435456
2023/06/29-10:59:02.169347 3ed0                Options.blob_compression_type: NoCompression
2023/06/29-10:59:02.169350 3ed0       Options.enable_blob_garbage_collection: false
2023/06/29-10:59:02.169352 3ed0   Options.blob_garbage_collection_age_cutoff: 0.250000
2023/06/29-10:59:02.169384 3ed0 [db\column_family.cc:597] --------------- Options for column family []:
2023/06/29-10:59:02.169389 3ed0               Options.comparator: leveldb.BytewiseComparator
2023/06/29-10:59:02.169392 3ed0           Options.merge_operator: None
2023/06/29-10:59:02.169395 3ed0        Options.compaction_filter: None
2023/06/29-10:59:02.169398 3ed0        Options.compaction_filter_factory: None
2023/06/29-10:59:02.169401 3ed0  Options.sst_partitioner_factory: None
2023/06/29-10:59:02.169403 3ed0         Options.memtable_factory: SkipListFactory
2023/06/29-10:59:02.169406 3ed0            Options.table_factory: BlockBasedTable
2023/06/29-10:59:02.169421 3ed0            table_factory options:   flush_block_policy_factory: FlushBlockBySizePolicyFactory (000001C289C6C610)
  cache_index_and_filter_blocks: 0
  cache_index_and_filter_blocks_with_high_priority: 1
  pin_l0_filter_and_index_blocks_in_cache: 0
  pin_top_level_index_and_filter: 1
  index_type: 0
  data_block_index_type: 0
  index_shortening: 1
  data_block_hash_table_util_ratio: 0.750000
  hash_index_allow_collision: 1
  checksum: 1
  no_block_cache: 0
  block_cache: 000001C28A15F400
  block_cache_name: LRUCache
  block_cache_options:
    capacity : 8388608
    num_shard_bits : 4
    strict_capacity_limit : 0
    memory_allocator : None
    high_pri_pool_ratio: 0.000
  block_cache_compressed: 0000000000000000
  persistent_cache: 0000000000000000
  block_size: 4096
  block_size_deviation: 10
  block_restart_interval: 16
  index_block_restart_interval: 1
  metadata_block_size: 4096
  partition_filters: 0
  use_delta_encoding: 1
  filter_policy: nullptr
  whole_key_filtering: 1
  verify_compression: 0
  read_amp_bytes_per_bit: 0
  format_version: 4
  enable_index_compression: 1
  block_align: 0
2023/06/29-10:59:02.169424 3ed0        Options.write_buffer_size: 67108864
2023/06/29-10:59:02.169427 3ed0  Options.max_write_buffer_number: 2
2023/06/29-10:59:02.169430 3ed0          Options.compression: Snappy
2023/06/29-10:59:02.169433 3ed0                  Options.bottommost_compression: Disabled
2023/06/29-10:59:02.169435 3ed0       Options.prefix_extractor: nullptr
2023/06/29-10:59:02.169438 3ed0   Options.memtable_insert_with_hint_prefix_extractor: nullptr
2023/06/29-10:59:02.169441 3ed0             Options.num_levels: 7
2023/06/29-10:59:02.169444 3ed0        Options.min_write_buffer_number_to_merge: 1
2023/06/29-10:59:02.169446 3ed0     Options.max_write_buffer_number_to_maintain: 0
2023/06/29-10:59:02.169449 3ed0     Options.max_write_buffer_size_to_maintain: 134217728
2023/06/29-10:59:02.169452 3ed0            Options.bottommost_compression_opts.window_bits: -14
2023/06/29-10:59:02.169455 3ed0                  Options.bottommost_compression_opts.level: 32767
2023/06/29-10:59:02.169457 3ed0               Options.bottommost_compression_opts.strategy: 0
2023/06/29-10:59:02.169460 3ed0         Options.bottommost_compression_opts.max_dict_bytes: 0
2023/06/29-10:59:02.169463 3ed0         Options.bottommost_compression_opts.zstd_max_train_bytes: 0
2023/06/29-10:59:02.169466 3ed0         Options.bottommost_compression_opts.parallel_threads: 1
2023/06/29-10:59:02.169469 3ed0                  Options.bottommost_compression_opts.enabled: false
2023/06/29-10:59:02.169491 3ed0            Options.compression_opts.window_bits: -14
2023/06/29-10:59:02.169495 3ed0                  Options.compression_opts.level: 32767
2023/06/29-10:59:02.169498 3ed0               Options.compression_opts.strategy: 0
2023/06/29-10:59:02.169500 3ed0         Options.compression_opts.max_dict_bytes: 0
2023/06/29-10:59:02.169503 3ed0         Options.compression_opts.zstd_max_train_bytes: 0
2023/06/29-10:59:02.169506 3ed0         Options.compression_opts.parallel_threads: 1
2023/06/29-10:59:02.169509 3ed0                  Options.compression_opts.enabled: false
2023/06/29-10:59:02.169512 3ed0      Options.level0_file_num_compaction_trigger: 4
2023/06/29-10:59:02.169514 3ed0          Options.level0_slowdown_writes_trigger: 20
2023/06/29-10:59:02.169517 3ed0              Options.level0_stop_writes_trigger: 36
2023/06/29-10:59:02.169520 3ed0                   Options.target_file_size_base: 67108864
2023/06/29-10:59:02.169523 3ed0             Options.target_file_size_multiplier: 1
2023/06/29-10:59:02.169526 3ed0                Options.max_bytes_for_level_base: 268435456
2023/06/29-10:59:02.169528 3ed0 Options.level_compaction_dynamic_level_bytes: 0
2023/06/29-10:59:02.169531 3ed0          Options.max_bytes_for_level_multiplier: 10.000000
2023/06/29-10:59:02.169535 3ed0 Options.max_bytes_for_level_multiplier_addtl[0]: 1
2023/06/29-10:59:02.169538 3ed0 Options.max_bytes_for_level_multiplier_addtl[1]: 1
2023/06/29-10:59:02.169540 3ed0 Options.max_bytes_for_level_multiplier_addtl[2]: 1
2023/06/29-10:59:02.169543 3ed0 Options.max_bytes_for_level_multiplier_addtl[3]: 1
2023/06/29-10:59:02.169546 3ed0 Options.max_bytes_for_level_multiplier_addtl[4]: 1
2023/06/29-10:59:02.169549 3ed0 Options.max_bytes_for_level_multiplier_addtl[5]: 1
2023/06/29-10:59:02.169552 3ed0 Options.max_bytes_for_level_multiplier_addtl[6]: 1
2023/06/29-10:59:02.169554 3ed0       Options.max_sequential_skip_in_iterations: 8
2023/06/29-10:59:02.169557 3ed0                    Options.max_compaction_bytes: 1677721600
2023/06/29-10:59:02.169560 3ed0                        Options.arena_block_size: 8388608
2023/06/29-10:59:02.169563 3ed0   Options.soft_pending_compaction_bytes_limit: 68719476736
2023/06/29-10:59:02.169565 3ed0   Options.hard_pending_compaction_bytes_limit: 274877906944
2023/06/29-10:59:02.169568 3ed0       Options.rate_limit_delay_max_milliseconds: 100
2023/06/29-10:59:02.169571 3ed0                Options.disable_auto_compactions: 0
2023/06/29-10:59:02.169574 3ed0                        Options.compaction_style: kCompactionStyleLevel
2023/06/29-10:59:02.169577 3ed0                          Options.compaction_pri: kMinOverlappingRatio
2023/06/29-10:59:02.169580 3ed0 Options.compaction_options_universal.size_ratio: 1
2023/06/29-10:59:02.169583 3ed0 Options.compaction_options_universal.min_merge_width: 2
2023/06/29-10:59:02.169586 3ed0 Options.compaction_options_universal.max_merge_width: 4294967295
