2023/06/29-11:02:59.414729 2a0c RocksDB version: 6.15.2
2023/06/29-11:02:59.414806 2a0c Git sha rocksdb_build_git_sha:@ca8082762f736a665b75fa1d39468856071bc3a9@
2023/06/29-11:02:59.414829 2a0c Compile date Jan  4 2021
2023/06/29-11:02:59.414869 2a0c DB SUMMARY
2023/06/29-11:02:59.414890 2a0c DB Session ID:  T657TJ6V9402L2P20M5V
2023/06/29-11:02:59.415177 2a0c CURRENT file:  CURRENT
2023/06/29-11:02:59.415200 2a0c IDENTITY file:  IDENTITY
2023/06/29-11:02:59.415284 2a0c MANIFEST file:  MANIFEST-000284 size: 882 Bytes
2023/06/29-11:02:59.415304 2a0c SST files in C:\Users\susmi\qbft-network\node3\data\database dir, Total Num: 3, files: 000023.sst 000280.sst 000283.sst 
2023/06/29-11:02:59.415319 2a0c Write Ahead Log file in C:\Users\susmi\qbft-network\node3\data\database: 000285.log size: 192 ; 
2023/06/29-11:02:59.415456 2a0c                         Options.error_if_exists: 0
2023/06/29-11:02:59.415467 2a0c                       Options.create_if_missing: 1
2023/06/29-11:02:59.415472 2a0c                         Options.paranoid_checks: 1
2023/06/29-11:02:59.415476 2a0c                               Options.track_and_verify_wals_in_manifest: 0
2023/06/29-11:02:59.415481 2a0c                                     Options.env: 0000024614911090
2023/06/29-11:02:59.415493 2a0c                                      Options.fs: Legacy File System
2023/06/29-11:02:59.415499 2a0c                                Options.info_log: 0000024614B77480
2023/06/29-11:02:59.415504 2a0c                Options.max_file_opening_threads: 16
2023/06/29-11:02:59.415509 2a0c                              Options.statistics: 0000024614B8A5A0
2023/06/29-11:02:59.415514 2a0c                               Options.use_fsync: 0
2023/06/29-11:02:59.415518 2a0c                       Options.max_log_file_size: 0
2023/06/29-11:02:59.415545 2a0c                  Options.max_manifest_file_size: 1073741824
2023/06/29-11:02:59.415557 2a0c                   Options.log_file_time_to_roll: 0
2023/06/29-11:02:59.415562 2a0c                       Options.keep_log_file_num: 1000
2023/06/29-11:02:59.415567 2a0c                    Options.recycle_log_file_num: 0
2023/06/29-11:02:59.415572 2a0c                         Options.allow_fallocate: 1
2023/06/29-11:02:59.415576 2a0c                        Options.allow_mmap_reads: 0
2023/06/29-11:02:59.415581 2a0c                       Options.allow_mmap_writes: 0
2023/06/29-11:02:59.415586 2a0c                        Options.use_direct_reads: 0
2023/06/29-11:02:59.415590 2a0c                        Options.use_direct_io_for_flush_and_compaction: 0
2023/06/29-11:02:59.415595 2a0c          Options.create_missing_column_families: 1
2023/06/29-11:02:59.415600 2a0c                              Options.db_log_dir: 
2023/06/29-11:02:59.415605 2a0c                                 Options.wal_dir: C:\Users\susmi\qbft-network\node3\data\database
2023/06/29-11:02:59.415610 2a0c                Options.table_cache_numshardbits: 6
2023/06/29-11:02:59.415615 2a0c                         Options.WAL_ttl_seconds: 0
2023/06/29-11:02:59.415619 2a0c                       Options.WAL_size_limit_MB: 0
2023/06/29-11:02:59.415624 2a0c                        Options.max_write_batch_group_size_bytes: 1048576
2023/06/29-11:02:59.415629 2a0c             Options.manifest_preallocation_size: 4194304
2023/06/29-11:02:59.415634 2a0c                     Options.is_fd_close_on_exec: 1
2023/06/29-11:02:59.415639 2a0c                   Options.advise_random_on_open: 1
2023/06/29-11:02:59.415643 2a0c                    Options.db_write_buffer_size: 0
2023/06/29-11:02:59.415648 2a0c                    Options.write_buffer_manager: 0000024615734280
2023/06/29-11:02:59.415653 2a0c         Options.access_hint_on_compaction_start: 1
2023/06/29-11:02:59.415658 2a0c  Options.new_table_reader_for_compaction_inputs: 0
2023/06/29-11:02:59.415662 2a0c           Options.random_access_max_buffer_size: 1048576
2023/06/29-11:02:59.415667 2a0c                      Options.use_adaptive_mutex: 0
2023/06/29-11:02:59.415672 2a0c                            Options.rate_limiter: 0000000000000000
2023/06/29-11:02:59.415708 2a0c     Options.sst_file_manager.rate_bytes_per_sec: 0
2023/06/29-11:02:59.415716 2a0c                       Options.wal_recovery_mode: 2
2023/06/29-11:02:59.415721 2a0c                  Options.enable_thread_tracking: 0
2023/06/29-11:02:59.415726 2a0c                  Options.enable_pipelined_write: 0
2023/06/29-11:02:59.415730 2a0c                  Options.unordered_write: 0
2023/06/29-11:02:59.415735 2a0c         Options.allow_concurrent_memtable_write: 1
2023/06/29-11:02:59.415740 2a0c      Options.enable_write_thread_adaptive_yield: 1
2023/06/29-11:02:59.415745 2a0c             Options.write_thread_max_yield_usec: 100
2023/06/29-11:02:59.415749 2a0c            Options.write_thread_slow_yield_usec: 3
2023/06/29-11:02:59.415754 2a0c                               Options.row_cache: None
2023/06/29-11:02:59.415759 2a0c                              Options.wal_filter: None
2023/06/29-11:02:59.415764 2a0c             Options.avoid_flush_during_recovery: 0
2023/06/29-11:02:59.415769 2a0c             Options.allow_ingest_behind: 0
2023/06/29-11:02:59.415773 2a0c             Options.preserve_deletes: 0
2023/06/29-11:02:59.415778 2a0c             Options.two_write_queues: 0
2023/06/29-11:02:59.415783 2a0c             Options.manual_wal_flush: 0
2023/06/29-11:02:59.415787 2a0c             Options.atomic_flush: 0
2023/06/29-11:02:59.415792 2a0c             Options.avoid_unnecessary_blocking_io: 0
2023/06/29-11:02:59.415797 2a0c                 Options.persist_stats_to_disk: 0
2023/06/29-11:02:59.415802 2a0c                 Options.write_dbid_to_manifest: 0
2023/06/29-11:02:59.415806 2a0c                 Options.log_readahead_size: 0
2023/06/29-11:02:59.415811 2a0c                 Options.file_checksum_gen_factory: Unknown
2023/06/29-11:02:59.415816 2a0c                 Options.best_efforts_recovery: 0
2023/06/29-11:02:59.415821 2a0c                Options.max_bgerror_resume_count: 2147483647
2023/06/29-11:02:59.415825 2a0c            Options.bgerror_resume_retry_interval: 1000000
2023/06/29-11:02:59.415830 2a0c             Options.allow_data_in_errors: 0
2023/06/29-11:02:59.415835 2a0c             Options.db_host_id: __hostname__
2023/06/29-11:02:59.415840 2a0c             Options.max_background_jobs: 2
2023/06/29-11:02:59.415844 2a0c             Options.max_background_compactions: 4
2023/06/29-11:02:59.415849 2a0c             Options.max_subcompactions: 1
2023/06/29-11:02:59.415854 2a0c             Options.avoid_flush_during_shutdown: 0
2023/06/29-11:02:59.415859 2a0c           Options.writable_file_max_buffer_size: 1048576
2023/06/29-11:02:59.415863 2a0c             Options.delayed_write_rate : 16777216
2023/06/29-11:02:59.415868 2a0c             Options.max_total_wal_size: 0
2023/06/29-11:02:59.415873 2a0c             Options.delete_obsolete_files_period_micros: 21600000000
2023/06/29-11:02:59.415878 2a0c                   Options.stats_dump_period_sec: 600
2023/06/29-11:02:59.415883 2a0c                 Options.stats_persist_period_sec: 600
2023/06/29-11:02:59.415887 2a0c                 Options.stats_history_buffer_size: 1048576
2023/06/29-11:02:59.415892 2a0c                          Options.max_open_files: 1024
2023/06/29-11:02:59.415897 2a0c                          Options.bytes_per_sync: 0
2023/06/29-11:02:59.415902 2a0c                      Options.wal_bytes_per_sync: 0
2023/06/29-11:02:59.415906 2a0c                   Options.strict_bytes_per_sync: 0
2023/06/29-11:02:59.415911 2a0c       Options.compaction_readahead_size: 0
2023/06/29-11:02:59.415916 2a0c                  Options.max_background_flushes: -1
2023/06/29-11:02:59.415921 2a0c Compression algorithms supported:
2023/06/29-11:02:59.415926 2a0c 	kZSTD supported: 1
2023/06/29-11:02:59.415931 2a0c 	kSnappyCompression supported: 1
2023/06/29-11:02:59.415936 2a0c 	kBZip2Compression supported: 0
2023/06/29-11:02:59.415941 2a0c 	kZlibCompression supported: 1
2023/06/29-11:02:59.415945 2a0c 	kLZ4Compression supported: 1
2023/06/29-11:02:59.415950 2a0c 	kXpressCompression supported: 0
2023/06/29-11:02:59.415955 2a0c 	kLZ4HCCompression supported: 1
2023/06/29-11:02:59.415982 2a0c 	kZSTDNotFinalCompression supported: 1
2023/06/29-11:02:59.416001 2a0c Fast CRC32 supported: Supported on x86
2023/06/29-11:02:59.416971 2a0c [db\version_set.cc:4725] Recovering from manifest file: C:\Users\susmi\qbft-network\node3\data\database/MANIFEST-000284
2023/06/29-11:02:59.417331 2a0c [db\column_family.cc:597] --------------- Options for column family [default]:
2023/06/29-11:02:59.417345 2a0c               Options.comparator: leveldb.BytewiseComparator
2023/06/29-11:02:59.417348 2a0c           Options.merge_operator: None
2023/06/29-11:02:59.417351 2a0c        Options.compaction_filter: None
2023/06/29-11:02:59.417354 2a0c        Options.compaction_filter_factory: None
2023/06/29-11:02:59.417359 2a0c  Options.sst_partitioner_factory: None
2023/06/29-11:02:59.417362 2a0c         Options.memtable_factory: SkipListFactory
2023/06/29-11:02:59.417364 2a0c            Options.table_factory: BlockBasedTable
2023/06/29-11:02:59.417389 2a0c            table_factory options:   flush_block_policy_factory: FlushBlockBySizePolicyFactory (0000024613F5ED00)
  cache_index_and_filter_blocks: 0
  cache_index_and_filter_blocks_with_high_priority: 1
  pin_l0_filter_and_index_blocks_in_cache: 0
  pin_top_level_index_and_filter: 1
  index_type: 0
  data_block_index_type: 0
  index_shortening: 1
  data_block_hash_table_util_ratio: 0.750000
  hash_index_allow_collision: 1
  checksum: 1
  no_block_cache: 0
  block_cache: 0000024613961740
  block_cache_name: LRUCache
  block_cache_options:
    capacity : 8388608
    num_shard_bits : 4
    strict_capacity_limit : 0
    memory_allocator : None
    high_pri_pool_ratio: 0.000
  block_cache_compressed: 0000000000000000
  persistent_cache: 0000000000000000
  block_size: 4096
  block_size_deviation: 10
  block_restart_interval: 16
  index_block_restart_interval: 1
  metadata_block_size: 4096
  partition_filters: 0
  use_delta_encoding: 1
  filter_policy: nullptr
  whole_key_filtering: 1
  verify_compression: 0
  read_amp_bytes_per_bit: 0
  format_version: 4
  enable_index_compression: 1
  block_align: 0
2023/06/29-11:02:59.417394 2a0c        Options.write_buffer_size: 67108864
2023/06/29-11:02:59.417396 2a0c  Options.max_write_buffer_number: 2
2023/06/29-11:02:59.417399 2a0c          Options.compression: Snappy
2023/06/29-11:02:59.417402 2a0c                  Options.bottommost_compression: Disabled
2023/06/29-11:02:59.417405 2a0c       Options.prefix_extractor: nullptr
2023/06/29-11:02:59.417408 2a0c   Options.memtable_insert_with_hint_prefix_extractor: nullptr
2023/06/29-11:02:59.417410 2a0c             Options.num_levels: 7
2023/06/29-11:02:59.417413 2a0c        Options.min_write_buffer_number_to_merge: 1
2023/06/29-11:02:59.417415 2a0c     Options.max_write_buffer_number_to_maintain: 0
2023/06/29-11:02:59.417418 2a0c     Options.max_write_buffer_size_to_maintain: 134217728
2023/06/29-11:02:59.417421 2a0c            Options.bottommost_compression_opts.window_bits: -14
2023/06/29-11:02:59.417423 2a0c                  Options.bottommost_compression_opts.level: 32767
2023/06/29-11:02:59.417426 2a0c               Options.bottommost_compression_opts.strategy: 0
2023/06/29-11:02:59.417429 2a0c         Options.bottommost_compression_opts.max_dict_bytes: 0
2023/06/29-11:02:59.417432 2a0c         Options.bottommost_compression_opts.zstd_max_train_bytes: 0
2023/06/29-11:02:59.417434 2a0c         Options.bottommost_compression_opts.parallel_threads: 1
2023/06/29-11:02:59.417437 2a0c                  Options.bottommost_compression_opts.enabled: false
2023/06/29-11:02:59.417440 2a0c            Options.compression_opts.window_bits: -14
2023/06/29-11:02:59.417445 2a0c                  Options.compression_opts.level: 32767
2023/06/29-11:02:59.417448 2a0c               Options.compression_opts.strategy: 0
2023/06/29-11:02:59.417451 2a0c         Options.compression_opts.max_dict_bytes: 0
2023/06/29-11:02:59.417454 2a0c         Options.compression_opts.zstd_max_train_bytes: 0
2023/06/29-11:02:59.417456 2a0c         Options.compression_opts.parallel_threads: 1
2023/06/29-11:02:59.417459 2a0c                  Options.compression_opts.enabled: false
2023/06/29-11:02:59.417463 2a0c      Options.level0_file_num_compaction_trigger: 4
2023/06/29-11:02:59.417467 2a0c          Options.level0_slowdown_writes_trigger: 20
2023/06/29-11:02:59.417469 2a0c              Options.level0_stop_writes_trigger: 36
2023/06/29-11:02:59.417472 2a0c                   Options.target_file_size_base: 67108864
2023/06/29-11:02:59.417475 2a0c             Options.target_file_size_multiplier: 1
2023/06/29-11:02:59.417477 2a0c                Options.max_bytes_for_level_base: 268435456
2023/06/29-11:02:59.417480 2a0c Options.level_compaction_dynamic_level_bytes: 0
2023/06/29-11:02:59.417483 2a0c          Options.max_bytes_for_level_multiplier: 10.000000
2023/06/29-11:02:59.417486 2a0c Options.max_bytes_for_level_multiplier_addtl[0]: 1
2023/06/29-11:02:59.417489 2a0c Options.max_bytes_for_level_multiplier_addtl[1]: 1
2023/06/29-11:02:59.417491 2a0c Options.max_bytes_for_level_multiplier_addtl[2]: 1
2023/06/29-11:02:59.417494 2a0c Options.max_bytes_for_level_multiplier_addtl[3]: 1
2023/06/29-11:02:59.417497 2a0c Options.max_bytes_for_level_multiplier_addtl[4]: 1
2023/06/29-11:02:59.417499 2a0c Options.max_bytes_for_level_multiplier_addtl[5]: 1
2023/06/29-11:02:59.417502 2a0c Options.max_bytes_for_level_multiplier_addtl[6]: 1
2023/06/29-11:02:59.417505 2a0c       Options.max_sequential_skip_in_iterations: 8
2023/06/29-11:02:59.417507 2a0c                    Options.max_compaction_bytes: 1677721600
2023/06/29-11:02:59.417510 2a0c                        Options.arena_block_size: 8388608
2023/06/29-11:02:59.417513 2a0c   Options.soft_pending_compaction_bytes_limit: 68719476736
2023/06/29-11:02:59.417515 2a0c   Options.hard_pending_compaction_bytes_limit: 274877906944
2023/06/29-11:02:59.417518 2a0c       Options.rate_limit_delay_max_milliseconds: 100
2023/06/29-11:02:59.417521 2a0c                Options.disable_auto_compactions: 0
2023/06/29-11:02:59.417524 2a0c                        Options.compaction_style: kCompactionStyleLevel
2023/06/29-11:02:59.417528 2a0c                          Options.compaction_pri: kMinOverlappingRatio
2023/06/29-11:02:59.417530 2a0c Options.compaction_options_universal.size_ratio: 1
2023/06/29-11:02:59.417533 2a0c Options.compaction_options_universal.min_merge_width: 2
2023/06/29-11:02:59.417535 2a0c Options.compaction_options_universal.max_merge_width: 4294967295
2023/06/29-11:02:59.417538 2a0c Options.compaction_options_universal.max_size_amplification_percent: 200
2023/06/29-11:02:59.417541 2a0c Options.compaction_options_universal.compression_size_percent: -1
2023/06/29-11:02:59.417544 2a0c Options.compaction_options_universal.stop_style: kCompactionStopStyleTotalSize
2023/06/29-11:02:59.417547 2a0c Options.compaction_options_fifo.max_table_files_size: 1073741824
2023/06/29-11:02:59.417549 2a0c Options.compaction_options_fifo.allow_compaction: 0
2023/06/29-11:02:59.417554 2a0c                   Options.table_properties_collectors: 
2023/06/29-11:02:59.417557 2a0c                   Options.inplace_update_support: 0
2023/06/29-11:02:59.417560 2a0c                 Options.inplace_update_num_locks: 10000
2023/06/29-11:02:59.417562 2a0c               Options.memtable_prefix_bloom_size_ratio: 0.000000
2023/06/29-11:02:59.417565 2a0c               Options.memtable_whole_key_filtering: 0
2023/06/29-11:02:59.417568 2a0c   Options.memtable_huge_page_size: 0
2023/06/29-11:02:59.417571 2a0c                           Options.bloom_locality: 0
2023/06/29-11:02:59.417573 2a0c                    Options.max_successive_merges: 0
2023/06/29-11:02:59.417576 2a0c                Options.optimize_filters_for_hits: 0
2023/06/29-11:02:59.417579 2a0c                Options.paranoid_file_checks: 0
2023/06/29-11:02:59.417581 2a0c                Options.force_consistency_checks: 1
2023/06/29-11:02:59.417584 2a0c                Options.report_bg_io_stats: 0
2023/06/29-11:02:59.417587 2a0c                               Options.ttl: 2592000
2023/06/29-11:02:59.417589 2a0c          Options.periodic_compaction_seconds: 0
2023/06/29-11:02:59.417613 2a0c                    Options.enable_blob_files: false
2023/06/29-11:02:59.417618 2a0c                        Options.min_blob_size: 0
2023/06/29-11:02:59.417620 2a0c                       Options.blob_file_size: 268435456
2023/06/29-11:02:59.417623 2a0c                Options.blob_compression_type: NoCompression
2023/06/29-11:02:59.417626 2a0c       Options.enable_blob_garbage_collection: false
2023/06/29-11:02:59.417629 2a0c   Options.blob_garbage_collection_age_cutoff: 0.250000
2023/06/29-11:02:59.417996 2a0c [db\column_family.cc:597] --------------- Options for column family []:
2023/06/29-11:02:59.418005 2a0c               Options.comparator: leveldb.BytewiseComparator
2023/06/29-11:02:59.418008 2a0c           Options.merge_operator: None
2023/06/29-11:02:59.418011 2a0c        Options.compaction_filter: None
2023/06/29-11:02:59.418014 2a0c        Options.compaction_filter_factory: None
2023/06/29-11:02:59.418016 2a0c  Options.sst_partitioner_factory: None
2023/06/29-11:02:59.418019 2a0c         Options.memtable_factory: SkipListFactory
2023/06/29-11:02:59.418022 2a0c            Options.table_factory: BlockBasedTable
2023/06/29-11:02:59.418042 2a0c            table_factory options:   flush_block_policy_factory: FlushBlockBySizePolicyFactory (0000024613F5EE80)
  cache_index_and_filter_blocks: 0
  cache_index_and_filter_blocks_with_high_priority: 1
  pin_l0_filter_and_index_blocks_in_cache: 0
  pin_top_level_index_and_filter: 1
  index_type: 0
  data_block_index_type: 0
  index_shortening: 1
  data_block_hash_table_util_ratio: 0.750000
  hash_index_allow_collision: 1
  checksum: 1
  no_block_cache: 0
  block_cache: 00000246139615E0
  block_cache_name: LRUCache
  block_cache_options:
    capacity : 8388608
    num_shard_bits : 4
    strict_capacity_limit : 0
    memory_allocator : None
    high_pri_pool_ratio: 0.000
  block_cache_compressed: 0000000000000000
  persistent_cache: 0000000000000000
  block_size: 4096
  block_size_deviation: 10
  block_restart_interval: 16
  index_block_restart_interval: 1
  metadata_block_size: 4096
  partition_filters: 0
  use_delta_encoding: 1
  filter_policy: nullptr
  whole_key_filtering: 1
  verify_compression: 0
  read_amp_bytes_per_bit: 0
  format_version: 4
  enable_index_compression: 1
  block_align: 0
2023/06/29-11:02:59.418046 2a0c        Options.write_buffer_size: 67108864
2023/06/29-11:02:59.418049 2a0c  Options.max_write_buffer_number: 2
2023/06/29-11:02:59.418052 2a0c          Options.compression: Snappy
2023/06/29-11:02:59.418054 2a0c                  Options.bottommost_compression: Disabled
2023/06/29-11:02:59.418057 2a0c       Options.prefix_extractor: nullptr
2023/06/29-11:02:59.418060 2a0c   Options.memtable_insert_with_hint_prefix_extractor: nullptr
2023/06/29-11:02:59.418062 2a0c             Options.num_levels: 7
2023/06/29-11:02:59.418065 2a0c        Options.min_write_buffer_number_to_merge: 1
2023/06/29-11:02:59.418068 2a0c     Options.max_write_buffer_number_to_maintain: 0
2023/06/29-11:02:59.418070 2a0c     Options.max_write_buffer_size_to_maintain: 134217728
2023/06/29-11:02:59.418073 2a0c            Options.bottommost_compression_opts.window_bits: -14
2023/06/29-11:02:59.418076 2a0c                  Options.bottommost_compression_opts.level: 32767
2023/06/29-11:02:59.418079 2a0c               Options.bottommost_compression_opts.strategy: 0
2023/06/29-11:02:59.418081 2a0c         Options.bottommost_compression_opts.max_dict_bytes: 0
2023/06/29-11:02:59.418084 2a0c         Options.bottommost_compression_opts.zstd_max_train_bytes: 0
2023/06/29-11:02:59.418087 2a0c         Options.bottommost_compression_opts.parallel_threads: 1
2023/06/29-11:02:59.418089 2a0c                  Options.bottommost_compression_opts.enabled: false
2023/06/29-11:02:59.418092 2a0c            Options.compression_opts.window_bits: -14
2023/06/29-11:02:59.418095 2a0c                  Options.compression_opts.level: 32767
2023/06/29-11:02:59.418098 2a0c               Options.compression_opts.strategy: 0
2023/06/29-11:02:59.418100 2a0c         Options.compression_opts.max_dict_bytes: 0
2023/06/29-11:02:59.418104 2a0c         Options.compression_opts.zstd_max_train_bytes: 0
2023/06/29-11:02:59.418107 2a0c         Options.compression_opts.parallel_threads: 1
2023/06/29-11:02:59.418110 2a0c                  Options.compression_opts.enabled: false
2023/06/29-11:02:59.418113 2a0c      Options.level0_file_num_compaction_trigger: 4
2023/06/29-11:02:59.418116 2a0c          Options.level0_slowdown_writes_trigger: 20
2023/06/29-11:02:59.418118 2a0c              Options.level0_stop_writes_trigger: 36
2023/06/29-11:02:59.418121 2a0c                   Options.target_file_size_base: 67108864
2023/06/29-11:02:59.418124 2a0c             Options.target_file_size_multiplier: 1
2023/06/29-11:02:59.418126 2a0c                Options.max_bytes_for_level_base: 268435456
2023/06/29-11:02:59.418129 2a0c Options.level_compaction_dynamic_level_bytes: 0
2023/06/29-11:02:59.418132 2a0c          Options.max_bytes_for_level_multiplier: 10.000000
2023/06/29-11:02:59.418135 2a0c Options.max_bytes_for_level_multiplier_addtl[0]: 1
2023/06/29-11:02:59.418138 2a0c Options.max_bytes_for_level_multiplier_addtl[1]: 1
2023/06/29-11:02:59.418141 2a0c Options.max_bytes_for_level_multiplier_addtl[2]: 1
2023/06/29-11:02:59.418143 2a0c Options.max_bytes_for_level_multiplier_addtl[3]: 1
2023/06/29-11:02:59.418146 2a0c Options.max_bytes_for_level_multiplier_addtl[4]: 1
2023/06/29-11:02:59.418149 2a0c Options.max_bytes_for_level_multiplier_addtl[5]: 1
2023/06/29-11:02:59.418151 2a0c Options.max_bytes_for_level_multiplier_addtl[6]: 1
2023/06/29-11:02:59.418154 2a0c       Options.max_sequential_skip_in_iterations: 8
2023/06/29-11:02:59.418157 2a0c                    Options.max_compaction_bytes: 1677721600
2023/06/29-11:02:59.418159 2a0c                        Options.arena_block_size: 8388608
2023/06/29-11:02:59.418162 2a0c   Options.soft_pending_compaction_bytes_limit: 68719476736
2023/06/29-11:02:59.418165 2a0c   Options.hard_pending_compaction_bytes_limit: 274877906944
2023/06/29-11:02:59.418167 2a0c       Options.rate_limit_delay_max_milliseconds: 100
2023/06/29-11:02:59.418170 2a0c                Options.disable_auto_compactions: 0
2023/06/29-11:02:59.418173 2a0c                        Options.compaction_style: kCompactionStyleLevel
2023/06/29-11:02:59.418176 2a0c                          Options.compaction_pri: kMinOverlappingRatio
2023/06/29-11:02:59.418179 2a0c Options.compaction_options_universal.size_ratio: 1
2023/06/29-11:02:59.418181 2a0c Options.compaction_options_universal.min_merge_width: 2
2023/06/29-11:02:59.418184 2a0c Options.compaction_options_universal.max_merge_width: 4294967295
2023/06/29-11:02:59.418187 2a0c Options.compaction_options_universal.max_size_amplification_percent: 200
2023/06/29-11:02:59.418190 2a0c Options.compaction_options_universal.compression_size_percent: -1
2023/06/29-11:02:59.418192 2a0c Options.compaction_options_universal.stop_style: kCompactionStopStyleTotalSize
2023/06/29-11:02:59.418195 2a0c Options.compaction_options_fifo.max_table_files_size: 1073741824
2023/06/29-11:02:59.418198 2a0c Options.compaction_options_fifo.allow_compaction: 0
2023/06/29-11:02:59.418202 2a0c                   Options.table_properties_collectors: 
2023/06/29-11:02:59.418205 2a0c                   Options.inplace_update_support: 0
2023/06/29-11:02:59.418207 2a0c                 Options.inplace_update_num_locks: 10000
2023/06/29-11:02:59.418210 2a0c               Options.memtable_prefix_bloom_size_ratio: 0.000000
2023/06/29-11:02:59.418213 2a0c               Options.memtable_whole_key_filtering: 0
2023/06/29-11:02:59.418216 2a0c   Options.memtable_huge_page_size: 0
2023/06/29-11:02:59.418218 2a0c                           Options.bloom_locality: 0
2023/06/29-11:02:59.418221 2a0c                    Options.max_successive_merges: 0
2023/06/29-11:02:59.418224 2a0c                Options.optimize_filters_for_hits: 0
2023/06/29-11:02:59.418226 2a0c                Options.paranoid_file_checks: 0
2023/06/29-11:02:59.418229 2a0c                Options.force_consistency_checks: 1
2023/06/29-11:02:59.418232 2a0c                Options.report_bg_io_stats: 0
2023/06/29-11:02:59.418235 2a0c                               Options.ttl: 2592000
2023/06/29-11:02:59.418238 2a0c          Options.periodic_compaction_seconds: 0
2023/06/29-11:02:59.418241 2a0c                    Options.enable_blob_files: false
2023/06/29-11:02:59.418243 2a0c                        Options.min_blob_size: 0
2023/06/29-11:02:59.418246 2a0c                       Options.blob_file_size: 268435456
2023/06/29-11:02:59.418249 2a0c                Options.blob_compression_type: NoCompression
2023/06/29-11:02:59.418252 2a0c       Options.enable_blob_garbage_collection: false
2023/06/29-11:02:59.418254 2a0c   Options.blob_garbage_collection_age_cutoff: 0.250000
2023/06/29-11:02:59.418314 2a0c [db\column_family.cc:597] --------------- Options for column family []:
2023/06/29-11:02:59.418319 2a0c               Options.comparator: leveldb.BytewiseComparator
2023/06/29-11:02:59.418322 2a0c           Options.merge_operator: None
2023/06/29-11:02:59.418325 2a0c        Options.compaction_filter: None
2023/06/29-11:02:59.418327 2a0c        Options.compaction_filter_factory: None
2023/06/29-11:02:59.418330 2a0c  Options.sst_partitioner_factory: None
2023/06/29-11:02:59.418333 2a0c         Options.memtable_factory: SkipListFactory
2023/06/29-11:02:59.418335 2a0c            Options.table_factory: BlockBasedTable
2023/06/29-11:02:59.418353 2a0c            table_factory options:   flush_block_policy_factory: FlushBlockBySizePolicyFactory (0000024613F5EDF0)
  cache_index_and_filter_blocks: 0
  cache_index_and_filter_blocks_with_high_priority: 1
  pin_l0_filter_and_index_blocks_in_cache: 0
  pin_top_level_index_and_filter: 1
  index_type: 0
  data_block_index_type: 0
  index_shortening: 1
  data_block_hash_table_util_ratio: 0.750000
  hash_index_allow_collision: 1
  checksum: 1
  no_block_cache: 0
  block_cache: 0000024613962450
  block_cache_name: LRUCache
  block_cache_options:
    capacity : 8388608
    num_shard_bits : 4
    strict_capacity_limit : 0
    memory_allocator : None
    high_pri_pool_ratio: 0.000
  block_cache_compressed: 0000000000000000
  persistent_cache: 0000000000000000
  block_size: 4096
  block_size_deviation: 10
  block_restart_interval: 16
  index_block_restart_interval: 1
  metadata_block_size: 4096
  partition_filters: 0
  use_delta_encoding: 1
  filter_policy: nullptr
  whole_key_filtering: 1
  verify_compression: 0
  read_amp_bytes_per_bit: 0
  format_version: 4
  enable_index_compression: 1
  block_align: 0
2023/06/29-11:02:59.418357 2a0c        Options.write_buffer_size: 67108864
2023/06/29-11:02:59.418360 2a0c  Options.max_write_buffer_number: 2
2023/06/29-11:02:59.418362 2a0c          Options.compression: Snappy
2023/06/29-11:02:59.418365 2a0c                  Options.bottommost_compression: Disabled
2023/06/29-11:02:59.418368 2a0c       Options.prefix_extractor: nullptr
2023/06/29-11:02:59.418370 2a0c   Options.memtable_insert_with_hint_prefix_extractor: nullptr
2023/06/29-11:02:59.418373 2a0c             Options.num_levels: 7
2023/06/29-11:02:59.418376 2a0c        Options.min_write_buffer_number_to_merge: 1
2023/06/29-11:02:59.418378 2a0c     Options.max_write_buffer_number_to_maintain: 0
2023/06/29-11:02:59.418381 2a0c     Options.max_write_buffer_size_to_maintain: 134217728
2023/06/29-11:02:59.418384 2a0c            Options.bottommost_compression_opts.window_bits: -14
2023/06/29-11:02:59.418386 2a0c                  Options.bottommost_compression_opts.level: 32767
2023/06/29-11:02:59.418389 2a0c               Options.bottommost_compression_opts.strategy: 0
2023/06/29-11:02:59.418392 2a0c         Options.bottommost_compression_opts.max_dict_bytes: 0
2023/06/29-11:02:59.418394 2a0c         Options.bottommost_compression_opts.zstd_max_train_bytes: 0
2023/06/29-11:02:59.418397 2a0c         Options.bottommost_compression_opts.parallel_threads: 1
2023/06/29-11:02:59.418400 2a0c                  Options.bottommost_compression_opts.enabled: false
2023/06/29-11:02:59.418403 2a0c            Options.compression_opts.window_bits: -14
2023/06/29-11:02:59.418405 2a0c                  Options.compression_opts.level: 32767
2023/06/29-11:02:59.418409 2a0c               Options.compression_opts.strategy: 0
2023/06/29-11:02:59.418412 2a0c         Options.compression_opts.max_dict_bytes: 0
2023/06/29-11:02:59.418415 2a0c         Options.compression_opts.zstd_max_train_bytes: 0
2023/06/29-11:02:59.418418 2a0c         Options.compression_opts.parallel_threads: 1
2023/06/29-11:02:59.418420 2a0c                  Options.compression_opts.enabled: false
2023/06/29-11:02:59.418423 2a0c      Options.level0_file_num_compaction_trigger: 4
2023/06/29-11:02:59.418426 2a0c          Options.level0_slowdown_writes_trigger: 20
2023/06/29-11:02:59.418429 2a0c              Options.level0_stop_writes_trigger: 36
2023/06/29-11:02:59.418431 2a0c                   Options.target_file_size_base: 67108864
2023/06/29-11:02:59.418434 2a0c             Options.target_file_size_multiplier: 1
2023/06/29-11:02:59.418437 2a0c                Options.max_bytes_for_level_base: 268435456
2023/06/29-11:02:59.418439 2a0c Options.level_compaction_dynamic_level_bytes: 0
2023/06/29-11:02:59.418445 2a0c          Options.max_bytes_for_level_multiplier: 10.000000
2023/06/29-11:02:59.418448 2a0c Options.max_bytes_for_level_multiplier_addtl[0]: 1
2023/06/29-11:02:59.418451 2a0c Options.max_bytes_for_level_multiplier_addtl[1]: 1
2023/06/29-11:02:59.418454 2a0c Options.max_bytes_for_level_multiplier_addtl[2]: 1
2023/06/29-11:02:59.418457 2a0c Options.max_bytes_for_level_multiplier_addtl[3]: 1
2023/06/29-11:02:59.418459 2a0c Options.max_bytes_for_level_multiplier_addtl[4]: 1
2023/06/29-11:02:59.418462 2a0c Options.max_bytes_for_level_multiplier_addtl[5]: 1
2023/06/29-11:02:59.418465 2a0c Options.max_bytes_for_level_multiplier_addtl[6]: 1
2023/06/29-11:02:59.418467 2a0c       Options.max_sequential_skip_in_iterations: 8
2023/06/29-11:02:59.418470 2a0c                    Options.max_compaction_bytes: 1677721600
2023/06/29-11:02:59.418473 2a0c                        Options.arena_block_size: 8388608
2023/06/29-11:02:59.418475 2a0c   Options.soft_pending_compaction_bytes_limit: 68719476736
2023/06/29-11:02:59.418478 2a0c   Options.hard_pending_compaction_bytes_limit: 274877906944
2023/06/29-11:02:59.418481 2a0c       Options.rate_limit_delay_max_milliseconds: 100
2023/06/29-11:02:59.418483 2a0c                Options.disable_auto_compactions: 0
2023/06/29-11:02:59.418486 2a0c                        Options.compaction_style: kCompactionStyleLevel
2023/06/29-11:02:59.418489 2a0c                          Options.compaction_pri: kMinOverlappingRatio
2023/06/29-11:02:59.418492 2a0c Options.compaction_options_universal.size_ratio: 1
2023/06/29-11:02:59.418495 2a0c Options.compaction_options_universal.min_merge_width: 2
2023/06/29-11:02:59.418497 2a0c Options.compaction_options_universal.max_merge_width: 4294967295
2023/06/29-11:02:59.418500 2a0c Options.compaction_options_universal.max_size_amplification_percent: 200
2023/06/29-11:02:59.418503 2a0c Options.compaction_options_universal.compression_size_percent: -1
2023/06/29-11:02:59.418506 2a0c Options.compaction_options_universal.stop_style: kCompactionStopStyleTotalSize
2023/06/29-11:02:59.418508 2a0c Options.compaction_options_fifo.max_table_files_size: 1073741824
2023/06/29-11:02:59.418511 2a0c Options.compaction_options_fifo.allow_compaction: 0
2023/06/29-11:02:59.418515 2a0c                   Options.table_properties_collectors: 
2023/06/29-11:02:59.418517 2a0c                   Options.inplace_update_support: 0
2023/06/29-11:02:59.418520 2a0c                 Options.inplace_update_num_locks: 10000
2023/06/29-11:02:59.418523 2a0c               Options.memtable_prefix_bloom_size_ratio: 0.000000
2023/06/29-11:02:59.418526 2a0c               Options.memtable_whole_key_filtering: 0
2023/06/29-11:02:59.418528 2a0c   Options.memtable_huge_page_size: 0
2023/06/29-11:02:59.418531 2a0c                           Options.bloom_locality: 0
2023/06/29-11:02:59.418533 2a0c                    Options.max_successive_merges: 0
2023/06/29-11:02:59.418536 2a0c                Options.optimize_filters_for_hits: 0
2023/06/29-11:02:59.418561 2a0c                Options.paranoid_file_checks: 0
2023/06/29-11:02:59.418566 2a0c                Options.force_consistency_checks: 1
2023/06/29-11:02:59.418568 2a0c                Options.report_bg_io_stats: 0
2023/06/29-11:02:59.418571 2a0c                               Options.ttl: 2592000
2023/06/29-11:02:59.418573 2a0c          Options.periodic_compaction_seconds: 0
2023/06/29-11:02:59.418576 2a0c                    Options.enable_blob_files: false
2023/06/29-11:02:59.418579 2a0c                        Options.min_blob_size: 0
2023/06/29-11:02:59.418582 2a0c                       Options.blob_file_size: 268435456
2023/06/29-11:02:59.418584 2a0c                Options.blob_compression_type: NoCompression
2023/06/29-11:02:59.418587 2a0c       Options.enable_blob_garbage_collection: false
2023/06/29-11:02:59.418590 2a0c   Options.blob_garbage_collection_age_cutoff: 0.250000
2023/06/29-11:02:59.418626 2a0c [db\column_family.cc:597] --------------- Options for column family []:
2023/06/29-11:02:59.418631 2a0c               Options.comparator: leveldb.BytewiseComparator
2023/06/29-11:02:59.418634 2a0c           Options.merge_operator: None
2023/06/29-11:02:59.418636 2a0c        Options.compaction_filter: None
2023/06/29-11:02:59.418639 2a0c        Options.compaction_filter_factory: None
2023/06/29-11:02:59.418641 2a0c  Options.sst_partitioner_factory: None
2023/06/29-11:02:59.418644 2a0c         Options.memtable_factory: SkipListFactory
2023/06/29-11:02:59.418647 2a0c            Options.table_factory: BlockBasedTable
2023/06/29-11:02:59.418664 2a0c            table_factory options:   flush_block_policy_factory: FlushBlockBySizePolicyFactory (0000024613F5EC80)
  cache_index_and_filter_blocks: 0
  cache_index_and_filter_blocks_with_high_priority: 1
  pin_l0_filter_and_index_blocks_in_cache: 0
  pin_top_level_index_and_filter: 1
  index_type: 0
  data_block_index_type: 0
  index_shortening: 1
  data_block_hash_table_util_ratio: 0.750000
  hash_index_allow_collision: 1
  checksum: 1
  no_block_cache: 0
  block_cache: 00000246139634D0
  block_cache_name: LRUCache
  block_cache_options:
    capacity : 8388608
    num_shard_bits : 4
    strict_capacity_limit : 0
    memory_allocator : None
    high_pri_pool_ratio: 0.000
  block_cache_compressed: 0000000000000000
  persistent_cache: 0000000000000000
  block_size: 4096
  block_size_deviation: 10
  block_restart_interval: 16
  index_block_restart_interval: 1
  metadata_block_size: 4096
  partition_filters: 0
  use_delta_encoding: 1
  filter_policy: nullptr
  whole_key_filtering: 1
  verify_compression: 0
  read_amp_bytes_per_bit: 0
  format_version: 4
  enable_index_compression: 1
  block_align: 0
2023/06/29-11:02:59.418668 2a0c        Options.write_buffer_size: 67108864
2023/06/29-11:02:59.418671 2a0c  Options.max_write_buffer_number: 2
2023/06/29-11:02:59.418673 2a0c          Options.compression: Snappy
2023/06/29-11:02:59.418676 2a0c                  Options.bottommost_compression: Disabled
2023/06/29-11:02:59.418679 2a0c       Options.prefix_extractor: nullptr
2023/06/29-11:02:59.418681 2a0c   Options.memtable_insert_with_hint_prefix_extractor: nullptr
2023/06/29-11:02:59.418684 2a0c             Options.num_levels: 7
2023/06/29-11:02:59.418687 2a0c        Options.min_write_buffer_number_to_merge: 1
2023/06/29-11:02:59.418689 2a0c     Options.max_write_buffer_number_to_maintain: 0
2023/06/29-11:02:59.418692 2a0c     Options.max_write_buffer_size_to_maintain: 134217728
2023/06/29-11:02:59.418695 2a0c            Options.bottommost_compression_opts.window_bits: -14
2023/06/29-11:02:59.418697 2a0c                  Options.bottommost_compression_opts.level: 32767
2023/06/29-11:02:59.418700 2a0c               Options.bottommost_compression_opts.strategy: 0
2023/06/29-11:02:59.418703 2a0c         Options.bottommost_compression_opts.max_dict_bytes: 0
2023/06/29-11:02:59.418705 2a0c         Options.bottommost_compression_opts.zstd_max_train_bytes: 0
2023/06/29-11:02:59.418708 2a0c         Options.bottommost_compression_opts.parallel_threads: 1
2023/06/29-11:02:59.418711 2a0c                  Options.bottommost_compression_opts.enabled: false
2023/06/29-11:02:59.418714 2a0c            Options.compression_opts.window_bits: -14
2023/06/29-11:02:59.418718 2a0c                  Options.compression_opts.level: 32767
2023/06/29-11:02:59.418721 2a0c               Options.compression_opts.strategy: 0
2023/06/29-11:02:59.418723 2a0c         Options.compression_opts.max_dict_bytes: 0
2023/06/29-11:02:59.418726 2a0c         Options.compression_opts.zstd_max_train_bytes: 0
2023/06/29-11:02:59.418729 2a0c         Options.compression_opts.parallel_threads: 1
2023/06/29-11:02:59.418731 2a0c                  Options.compression_opts.enabled: false
2023/06/29-11:02:59.418734 2a0c      Options.level0_file_num_compaction_trigger: 4
2023/06/29-11:02:59.418737 2a0c          Options.level0_slowdown_writes_trigger: 20
2023/06/29-11:02:59.418739 2a0c              Options.level0_stop_writes_trigger: 36
2023/06/29-11:02:59.418742 2a0c                   Options.target_file_size_base: 67108864
2023/06/29-11:02:59.418745 2a0c             Options.target_file_size_multiplier: 1
2023/06/29-11:02:59.418747 2a0c                Options.max_bytes_for_level_base: 268435456
2023/06/29-11:02:59.418750 2a0c Options.level_compaction_dynamic_level_bytes: 0
2023/06/29-11:02:59.418753 2a0c          Options.max_bytes_for_level_multiplier: 10.000000
2023/06/29-11:02:59.418756 2a0c Options.max_bytes_for_level_multiplier_addtl[0]: 1
2023/06/29-11:02:59.418759 2a0c Options.max_bytes_for_level_multiplier_addtl[1]: 1
2023/06/29-11:02:59.418761 2a0c Options.max_bytes_for_level_multiplier_addtl[2]: 1
2023/06/29-11:02:59.418764 2a0c Options.max_bytes_for_level_multiplier_addtl[3]: 1
2023/06/29-11:02:59.418767 2a0c Options.max_bytes_for_level_multiplier_addtl[4]: 1
2023/06/29-11:02:59.418769 2a0c Options.max_bytes_for_level_multiplier_addtl[5]: 1
2023/06/29-11:02:59.418772 2a0c Options.max_bytes_for_level_multiplier_addtl[6]: 1
2023/06/29-11:02:59.418775 2a0c       Options.max_sequential_skip_in_iterations: 8
2023/06/29-11:02:59.418777 2a0c                    Options.max_compaction_bytes: 1677721600
2023/06/29-11:02:59.418780 2a0c                        Options.arena_block_size: 8388608
2023/06/29-11:02:59.418783 2a0c   Options.soft_pending_compaction_bytes_limit: 68719476736
2023/06/29-11:02:59.418785 2a0c   Options.hard_pending_compaction_bytes_limit: 274877906944
2023/06/29-11:02:59.418788 2a0c       Options.rate_limit_delay_max_milliseconds: 100
2023/06/29-11:02:59.418791 2a0c                Options.disable_auto_compactions: 0
2023/06/29-11:02:59.418794 2a0c                        Options.compaction_style: kCompactionStyleLevel
2023/06/29-11:02:59.418796 2a0c                          Options.compaction_pri: kMinOverlappingRatio
2023/06/29-11:02:59.418799 2a0c Options.compaction_options_universal.size_ratio: 1
2023/06/29-11:02:59.418802 2a0c Options.compaction_options_universal.min_merge_width: 2
2023/06/29-11:02:59.418805 2a0c Options.compaction_options_universal.max_merge_width: 4294967295
