2023/06/29-10:20:40.137484 2e1c RocksDB version: 6.15.2
2023/06/29-10:20:40.137606 2e1c Git sha rocksdb_build_git_sha:@ca8082762f736a665b75fa1d39468856071bc3a9@
2023/06/29-10:20:40.137634 2e1c Compile date Jan  4 2021
2023/06/29-10:20:40.137684 2e1c DB SUMMARY
2023/06/29-10:20:40.137711 2e1c DB Session ID:  Z989NZGPKP7S8G73HLBU
2023/06/29-10:20:40.138010 2e1c CURRENT file:  CURRENT
2023/06/29-10:20:40.138037 2e1c IDENTITY file:  IDENTITY
2023/06/29-10:20:40.138107 2e1c MANIFEST file:  MANIFEST-000167 size: 882 Bytes
2023/06/29-10:20:40.138131 2e1c SST files in C:\Users\susmi\qbft-network\node3\data\database dir, Total Num: 3, files: 000023.sst 000158.sst 000161.sst 
2023/06/29-10:20:40.138150 2e1c Write Ahead Log file in C:\Users\susmi\qbft-network\node3\data\database: 000168.log size: 0 ; 
2023/06/29-10:20:40.138412 2e1c                         Options.error_if_exists: 0
2023/06/29-10:20:40.138428 2e1c                       Options.create_if_missing: 1
2023/06/29-10:20:40.138435 2e1c                         Options.paranoid_checks: 1
2023/06/29-10:20:40.138441 2e1c                               Options.track_and_verify_wals_in_manifest: 0
2023/06/29-10:20:40.138448 2e1c                                     Options.env: 000001303326D8C0
2023/06/29-10:20:40.138465 2e1c                                      Options.fs: Legacy File System
2023/06/29-10:20:40.138472 2e1c                                Options.info_log: 00000130347A78E0
2023/06/29-10:20:40.138478 2e1c                Options.max_file_opening_threads: 16
2023/06/29-10:20:40.138484 2e1c                              Options.statistics: 0000013034F02700
2023/06/29-10:20:40.138490 2e1c                               Options.use_fsync: 0
2023/06/29-10:20:40.138496 2e1c                       Options.max_log_file_size: 0
2023/06/29-10:20:40.138502 2e1c                  Options.max_manifest_file_size: 1073741824
2023/06/29-10:20:40.138514 2e1c                   Options.log_file_time_to_roll: 0
2023/06/29-10:20:40.138520 2e1c                       Options.keep_log_file_num: 1000
2023/06/29-10:20:40.138527 2e1c                    Options.recycle_log_file_num: 0
2023/06/29-10:20:40.138533 2e1c                         Options.allow_fallocate: 1
2023/06/29-10:20:40.138538 2e1c                        Options.allow_mmap_reads: 0
2023/06/29-10:20:40.138544 2e1c                       Options.allow_mmap_writes: 0
2023/06/29-10:20:40.138550 2e1c                        Options.use_direct_reads: 0
2023/06/29-10:20:40.138556 2e1c                        Options.use_direct_io_for_flush_and_compaction: 0
2023/06/29-10:20:40.138563 2e1c          Options.create_missing_column_families: 1
2023/06/29-10:20:40.138569 2e1c                              Options.db_log_dir: 
2023/06/29-10:20:40.138575 2e1c                                 Options.wal_dir: C:\Users\susmi\qbft-network\node3\data\database
2023/06/29-10:20:40.138598 2e1c                Options.table_cache_numshardbits: 6
2023/06/29-10:20:40.138603 2e1c                         Options.WAL_ttl_seconds: 0
2023/06/29-10:20:40.138608 2e1c                       Options.WAL_size_limit_MB: 0
2023/06/29-10:20:40.138614 2e1c                        Options.max_write_batch_group_size_bytes: 1048576
2023/06/29-10:20:40.138619 2e1c             Options.manifest_preallocation_size: 4194304
2023/06/29-10:20:40.138624 2e1c                     Options.is_fd_close_on_exec: 1
2023/06/29-10:20:40.138629 2e1c                   Options.advise_random_on_open: 1
2023/06/29-10:20:40.138634 2e1c                    Options.db_write_buffer_size: 0
2023/06/29-10:20:40.138640 2e1c                    Options.write_buffer_manager: 0000013034DF61D0
2023/06/29-10:20:40.138645 2e1c         Options.access_hint_on_compaction_start: 1
2023/06/29-10:20:40.138650 2e1c  Options.new_table_reader_for_compaction_inputs: 0
2023/06/29-10:20:40.138655 2e1c           Options.random_access_max_buffer_size: 1048576
2023/06/29-10:20:40.138660 2e1c                      Options.use_adaptive_mutex: 0
2023/06/29-10:20:40.138666 2e1c                            Options.rate_limiter: 0000000000000000
2023/06/29-10:20:40.138708 2e1c     Options.sst_file_manager.rate_bytes_per_sec: 0
2023/06/29-10:20:40.138717 2e1c                       Options.wal_recovery_mode: 2
2023/06/29-10:20:40.138722 2e1c                  Options.enable_thread_tracking: 0
2023/06/29-10:20:40.138727 2e1c                  Options.enable_pipelined_write: 0
2023/06/29-10:20:40.138732 2e1c                  Options.unordered_write: 0
2023/06/29-10:20:40.138737 2e1c         Options.allow_concurrent_memtable_write: 1
2023/06/29-10:20:40.138742 2e1c      Options.enable_write_thread_adaptive_yield: 1
2023/06/29-10:20:40.138748 2e1c             Options.write_thread_max_yield_usec: 100
2023/06/29-10:20:40.138753 2e1c            Options.write_thread_slow_yield_usec: 3
2023/06/29-10:20:40.138758 2e1c                               Options.row_cache: None
2023/06/29-10:20:40.138763 2e1c                              Options.wal_filter: None
2023/06/29-10:20:40.138768 2e1c             Options.avoid_flush_during_recovery: 0
2023/06/29-10:20:40.138773 2e1c             Options.allow_ingest_behind: 0
2023/06/29-10:20:40.138778 2e1c             Options.preserve_deletes: 0
2023/06/29-10:20:40.138783 2e1c             Options.two_write_queues: 0
2023/06/29-10:20:40.138788 2e1c             Options.manual_wal_flush: 0
2023/06/29-10:20:40.138793 2e1c             Options.atomic_flush: 0
2023/06/29-10:20:40.138798 2e1c             Options.avoid_unnecessary_blocking_io: 0
2023/06/29-10:20:40.138803 2e1c                 Options.persist_stats_to_disk: 0
2023/06/29-10:20:40.138808 2e1c                 Options.write_dbid_to_manifest: 0
2023/06/29-10:20:40.138813 2e1c                 Options.log_readahead_size: 0
2023/06/29-10:20:40.138819 2e1c                 Options.file_checksum_gen_factory: Unknown
2023/06/29-10:20:40.138824 2e1c                 Options.best_efforts_recovery: 0
2023/06/29-10:20:40.138829 2e1c                Options.max_bgerror_resume_count: 2147483647
2023/06/29-10:20:40.138834 2e1c            Options.bgerror_resume_retry_interval: 1000000
2023/06/29-10:20:40.138839 2e1c             Options.allow_data_in_errors: 0
2023/06/29-10:20:40.138844 2e1c             Options.db_host_id: __hostname__
2023/06/29-10:20:40.138849 2e1c             Options.max_background_jobs: 2
2023/06/29-10:20:40.138854 2e1c             Options.max_background_compactions: 4
2023/06/29-10:20:40.138860 2e1c             Options.max_subcompactions: 1
2023/06/29-10:20:40.138865 2e1c             Options.avoid_flush_during_shutdown: 0
2023/06/29-10:20:40.138870 2e1c           Options.writable_file_max_buffer_size: 1048576
2023/06/29-10:20:40.138875 2e1c             Options.delayed_write_rate : 16777216
2023/06/29-10:20:40.138880 2e1c             Options.max_total_wal_size: 0
2023/06/29-10:20:40.138885 2e1c             Options.delete_obsolete_files_period_micros: 21600000000
2023/06/29-10:20:40.138890 2e1c                   Options.stats_dump_period_sec: 600
2023/06/29-10:20:40.138895 2e1c                 Options.stats_persist_period_sec: 600
2023/06/29-10:20:40.138901 2e1c                 Options.stats_history_buffer_size: 1048576
2023/06/29-10:20:40.138906 2e1c                          Options.max_open_files: 1024
2023/06/29-10:20:40.138911 2e1c                          Options.bytes_per_sync: 0
2023/06/29-10:20:40.138916 2e1c                      Options.wal_bytes_per_sync: 0
2023/06/29-10:20:40.138921 2e1c                   Options.strict_bytes_per_sync: 0
2023/06/29-10:20:40.138926 2e1c       Options.compaction_readahead_size: 0
2023/06/29-10:20:40.138931 2e1c                  Options.max_background_flushes: -1
2023/06/29-10:20:40.138936 2e1c Compression algorithms supported:
2023/06/29-10:20:40.138942 2e1c 	kZSTD supported: 1
2023/06/29-10:20:40.138948 2e1c 	kSnappyCompression supported: 1
2023/06/29-10:20:40.138953 2e1c 	kBZip2Compression supported: 0
2023/06/29-10:20:40.138958 2e1c 	kZlibCompression supported: 1
2023/06/29-10:20:40.138964 2e1c 	kLZ4Compression supported: 1
2023/06/29-10:20:40.138969 2e1c 	kXpressCompression supported: 0
2023/06/29-10:20:40.138974 2e1c 	kLZ4HCCompression supported: 1
2023/06/29-10:20:40.139008 2e1c 	kZSTDNotFinalCompression supported: 1
2023/06/29-10:20:40.139032 2e1c Fast CRC32 supported: Supported on x86
2023/06/29-10:20:40.140565 2e1c [db\version_set.cc:4725] Recovering from manifest file: C:\Users\susmi\qbft-network\node3\data\database/MANIFEST-000167
2023/06/29-10:20:40.141105 2e1c [db\column_family.cc:597] --------------- Options for column family [default]:
2023/06/29-10:20:40.141131 2e1c               Options.comparator: leveldb.BytewiseComparator
2023/06/29-10:20:40.141138 2e1c           Options.merge_operator: None
2023/06/29-10:20:40.141144 2e1c        Options.compaction_filter: None
2023/06/29-10:20:40.141149 2e1c        Options.compaction_filter_factory: None
2023/06/29-10:20:40.141158 2e1c  Options.sst_partitioner_factory: None
2023/06/29-10:20:40.141164 2e1c         Options.memtable_factory: SkipListFactory
2023/06/29-10:20:40.141170 2e1c            Options.table_factory: BlockBasedTable
2023/06/29-10:20:40.141215 2e1c            table_factory options:   flush_block_policy_factory: FlushBlockBySizePolicyFactory (0000013032EB4B00)
  cache_index_and_filter_blocks: 0
  cache_index_and_filter_blocks_with_high_priority: 1
  pin_l0_filter_and_index_blocks_in_cache: 0
  pin_top_level_index_and_filter: 1
  index_type: 0
  data_block_index_type: 0
  index_shortening: 1
  data_block_hash_table_util_ratio: 0.750000
  hash_index_allow_collision: 1
  checksum: 1
  no_block_cache: 0
  block_cache: 00000130346A3AE0
  block_cache_name: LRUCache
  block_cache_options:
    capacity : 8388608
    num_shard_bits : 4
    strict_capacity_limit : 0
    memory_allocator : None
    high_pri_pool_ratio: 0.000
  block_cache_compressed: 0000000000000000
  persistent_cache: 0000000000000000
  block_size: 4096
  block_size_deviation: 10
  block_restart_interval: 16
  index_block_restart_interval: 1
  metadata_block_size: 4096
  partition_filters: 0
  use_delta_encoding: 1
  filter_policy: nullptr
  whole_key_filtering: 1
  verify_compression: 0
  read_amp_bytes_per_bit: 0
  format_version: 4
  enable_index_compression: 1
  block_align: 0
2023/06/29-10:20:40.141224 2e1c        Options.write_buffer_size: 67108864
2023/06/29-10:20:40.141230 2e1c  Options.max_write_buffer_number: 2
2023/06/29-10:20:40.141236 2e1c          Options.compression: Snappy
2023/06/29-10:20:40.141241 2e1c                  Options.bottommost_compression: Disabled
2023/06/29-10:20:40.141246 2e1c       Options.prefix_extractor: nullptr
2023/06/29-10:20:40.141251 2e1c   Options.memtable_insert_with_hint_prefix_extractor: nullptr
2023/06/29-10:20:40.141256 2e1c             Options.num_levels: 7
2023/06/29-10:20:40.141261 2e1c        Options.min_write_buffer_number_to_merge: 1
2023/06/29-10:20:40.141266 2e1c     Options.max_write_buffer_number_to_maintain: 0
2023/06/29-10:20:40.141271 2e1c     Options.max_write_buffer_size_to_maintain: 134217728
2023/06/29-10:20:40.141277 2e1c            Options.bottommost_compression_opts.window_bits: -14
2023/06/29-10:20:40.141282 2e1c                  Options.bottommost_compression_opts.level: 32767
2023/06/29-10:20:40.141287 2e1c               Options.bottommost_compression_opts.strategy: 0
2023/06/29-10:20:40.141293 2e1c         Options.bottommost_compression_opts.max_dict_bytes: 0
2023/06/29-10:20:40.141304 2e1c         Options.bottommost_compression_opts.zstd_max_train_bytes: 0
2023/06/29-10:20:40.141310 2e1c         Options.bottommost_compression_opts.parallel_threads: 1
2023/06/29-10:20:40.141315 2e1c                  Options.bottommost_compression_opts.enabled: false
2023/06/29-10:20:40.141320 2e1c            Options.compression_opts.window_bits: -14
2023/06/29-10:20:40.141326 2e1c                  Options.compression_opts.level: 32767
2023/06/29-10:20:40.141331 2e1c               Options.compression_opts.strategy: 0
2023/06/29-10:20:40.141336 2e1c         Options.compression_opts.max_dict_bytes: 0
2023/06/29-10:20:40.141341 2e1c         Options.compression_opts.zstd_max_train_bytes: 0
2023/06/29-10:20:40.141346 2e1c         Options.compression_opts.parallel_threads: 1
2023/06/29-10:20:40.141352 2e1c                  Options.compression_opts.enabled: false
2023/06/29-10:20:40.141361 2e1c      Options.level0_file_num_compaction_trigger: 4
2023/06/29-10:20:40.141369 2e1c          Options.level0_slowdown_writes_trigger: 20
2023/06/29-10:20:40.141374 2e1c              Options.level0_stop_writes_trigger: 36
2023/06/29-10:20:40.141379 2e1c                   Options.target_file_size_base: 67108864
2023/06/29-10:20:40.141384 2e1c             Options.target_file_size_multiplier: 1
2023/06/29-10:20:40.141389 2e1c                Options.max_bytes_for_level_base: 268435456
2023/06/29-10:20:40.141394 2e1c Options.level_compaction_dynamic_level_bytes: 0
2023/06/29-10:20:40.141399 2e1c          Options.max_bytes_for_level_multiplier: 10.000000
2023/06/29-10:20:40.141406 2e1c Options.max_bytes_for_level_multiplier_addtl[0]: 1
2023/06/29-10:20:40.141412 2e1c Options.max_bytes_for_level_multiplier_addtl[1]: 1
2023/06/29-10:20:40.141417 2e1c Options.max_bytes_for_level_multiplier_addtl[2]: 1
2023/06/29-10:20:40.141422 2e1c Options.max_bytes_for_level_multiplier_addtl[3]: 1
2023/06/29-10:20:40.141427 2e1c Options.max_bytes_for_level_multiplier_addtl[4]: 1
2023/06/29-10:20:40.141432 2e1c Options.max_bytes_for_level_multiplier_addtl[5]: 1
2023/06/29-10:20:40.141438 2e1c Options.max_bytes_for_level_multiplier_addtl[6]: 1
2023/06/29-10:20:40.141443 2e1c       Options.max_sequential_skip_in_iterations: 8
2023/06/29-10:20:40.141448 2e1c                    Options.max_compaction_bytes: 1677721600
2023/06/29-10:20:40.141453 2e1c                        Options.arena_block_size: 8388608
2023/06/29-10:20:40.141458 2e1c   Options.soft_pending_compaction_bytes_limit: 68719476736
2023/06/29-10:20:40.141464 2e1c   Options.hard_pending_compaction_bytes_limit: 274877906944
2023/06/29-10:20:40.141469 2e1c       Options.rate_limit_delay_max_milliseconds: 100
2023/06/29-10:20:40.141474 2e1c                Options.disable_auto_compactions: 0
2023/06/29-10:20:40.141480 2e1c                        Options.compaction_style: kCompactionStyleLevel
2023/06/29-10:20:40.141486 2e1c                          Options.compaction_pri: kMinOverlappingRatio
2023/06/29-10:20:40.141492 2e1c Options.compaction_options_universal.size_ratio: 1
2023/06/29-10:20:40.141497 2e1c Options.compaction_options_universal.min_merge_width: 2
2023/06/29-10:20:40.141502 2e1c Options.compaction_options_universal.max_merge_width: 4294967295
2023/06/29-10:20:40.141507 2e1c Options.compaction_options_universal.max_size_amplification_percent: 200
2023/06/29-10:20:40.141513 2e1c Options.compaction_options_universal.compression_size_percent: -1
2023/06/29-10:20:40.141519 2e1c Options.compaction_options_universal.stop_style: kCompactionStopStyleTotalSize
2023/06/29-10:20:40.141524 2e1c Options.compaction_options_fifo.max_table_files_size: 1073741824
2023/06/29-10:20:40.141529 2e1c Options.compaction_options_fifo.allow_compaction: 0
2023/06/29-10:20:40.141538 2e1c                   Options.table_properties_collectors: 
2023/06/29-10:20:40.141543 2e1c                   Options.inplace_update_support: 0
2023/06/29-10:20:40.141549 2e1c                 Options.inplace_update_num_locks: 10000
2023/06/29-10:20:40.141554 2e1c               Options.memtable_prefix_bloom_size_ratio: 0.000000
2023/06/29-10:20:40.141560 2e1c               Options.memtable_whole_key_filtering: 0
2023/06/29-10:20:40.141565 2e1c   Options.memtable_huge_page_size: 0
2023/06/29-10:20:40.141585 2e1c                           Options.bloom_locality: 0
2023/06/29-10:20:40.141589 2e1c                    Options.max_successive_merges: 0
2023/06/29-10:20:40.141594 2e1c                Options.optimize_filters_for_hits: 0
2023/06/29-10:20:40.141598 2e1c                Options.paranoid_file_checks: 0
2023/06/29-10:20:40.141603 2e1c                Options.force_consistency_checks: 1
2023/06/29-10:20:40.141607 2e1c                Options.report_bg_io_stats: 0
2023/06/29-10:20:40.141611 2e1c                               Options.ttl: 2592000
2023/06/29-10:20:40.141616 2e1c          Options.periodic_compaction_seconds: 0
2023/06/29-10:20:40.141654 2e1c                    Options.enable_blob_files: false
2023/06/29-10:20:40.141661 2e1c                        Options.min_blob_size: 0
2023/06/29-10:20:40.141666 2e1c                       Options.blob_file_size: 268435456
2023/06/29-10:20:40.141670 2e1c                Options.blob_compression_type: NoCompression
2023/06/29-10:20:40.141675 2e1c       Options.enable_blob_garbage_collection: false
2023/06/29-10:20:40.141679 2e1c   Options.blob_garbage_collection_age_cutoff: 0.250000
2023/06/29-10:20:40.141947 2e1c [db\column_family.cc:597] --------------- Options for column family []:
2023/06/29-10:20:40.141958 2e1c               Options.comparator: leveldb.BytewiseComparator
2023/06/29-10:20:40.141963 2e1c           Options.merge_operator: None
2023/06/29-10:20:40.141967 2e1c        Options.compaction_filter: None
2023/06/29-10:20:40.141971 2e1c        Options.compaction_filter_factory: None
2023/06/29-10:20:40.141975 2e1c  Options.sst_partitioner_factory: None
2023/06/29-10:20:40.141980 2e1c         Options.memtable_factory: SkipListFactory
2023/06/29-10:20:40.141984 2e1c            Options.table_factory: BlockBasedTable
2023/06/29-10:20:40.142013 2e1c            table_factory options:   flush_block_policy_factory: FlushBlockBySizePolicyFactory (0000013032EB49D0)
  cache_index_and_filter_blocks: 0
  cache_index_and_filter_blocks_with_high_priority: 1
  pin_l0_filter_and_index_blocks_in_cache: 0
  pin_top_level_index_and_filter: 1
  index_type: 0
  data_block_index_type: 0
  index_shortening: 1
  data_block_hash_table_util_ratio: 0.750000
  hash_index_allow_collision: 1
  checksum: 1
  no_block_cache: 0
  block_cache: 00000130346A1670
  block_cache_name: LRUCache
  block_cache_options:
    capacity : 8388608
    num_shard_bits : 4
    strict_capacity_limit : 0
    memory_allocator : None
    high_pri_pool_ratio: 0.000
  block_cache_compressed: 0000000000000000
  persistent_cache: 0000000000000000
  block_size: 4096
  block_size_deviation: 10
  block_restart_interval: 16
  index_block_restart_interval: 1
  metadata_block_size: 4096
  partition_filters: 0
  use_delta_encoding: 1
  filter_policy: nullptr
  whole_key_filtering: 1
  verify_compression: 0
  read_amp_bytes_per_bit: 0
  format_version: 4
  enable_index_compression: 1
  block_align: 0
2023/06/29-10:20:40.142019 2e1c        Options.write_buffer_size: 67108864
2023/06/29-10:20:40.142024 2e1c  Options.max_write_buffer_number: 2
2023/06/29-10:20:40.142028 2e1c          Options.compression: Snappy
2023/06/29-10:20:40.142033 2e1c                  Options.bottommost_compression: Disabled
2023/06/29-10:20:40.142037 2e1c       Options.prefix_extractor: nullptr
2023/06/29-10:20:40.142042 2e1c   Options.memtable_insert_with_hint_prefix_extractor: nullptr
2023/06/29-10:20:40.142046 2e1c             Options.num_levels: 7
2023/06/29-10:20:40.142050 2e1c        Options.min_write_buffer_number_to_merge: 1
2023/06/29-10:20:40.142055 2e1c     Options.max_write_buffer_number_to_maintain: 0
2023/06/29-10:20:40.142059 2e1c     Options.max_write_buffer_size_to_maintain: 134217728
2023/06/29-10:20:40.142064 2e1c            Options.bottommost_compression_opts.window_bits: -14
2023/06/29-10:20:40.142068 2e1c                  Options.bottommost_compression_opts.level: 32767
2023/06/29-10:20:40.142073 2e1c               Options.bottommost_compression_opts.strategy: 0
2023/06/29-10:20:40.142077 2e1c         Options.bottommost_compression_opts.max_dict_bytes: 0
2023/06/29-10:20:40.142082 2e1c         Options.bottommost_compression_opts.zstd_max_train_bytes: 0
2023/06/29-10:20:40.142086 2e1c         Options.bottommost_compression_opts.parallel_threads: 1
2023/06/29-10:20:40.142091 2e1c                  Options.bottommost_compression_opts.enabled: false
2023/06/29-10:20:40.142095 2e1c            Options.compression_opts.window_bits: -14
2023/06/29-10:20:40.142099 2e1c                  Options.compression_opts.level: 32767
2023/06/29-10:20:40.142104 2e1c               Options.compression_opts.strategy: 0
2023/06/29-10:20:40.142108 2e1c         Options.compression_opts.max_dict_bytes: 0
2023/06/29-10:20:40.142115 2e1c         Options.compression_opts.zstd_max_train_bytes: 0
2023/06/29-10:20:40.142121 2e1c         Options.compression_opts.parallel_threads: 1
2023/06/29-10:20:40.142126 2e1c                  Options.compression_opts.enabled: false
2023/06/29-10:20:40.142130 2e1c      Options.level0_file_num_compaction_trigger: 4
2023/06/29-10:20:40.142135 2e1c          Options.level0_slowdown_writes_trigger: 20
2023/06/29-10:20:40.142139 2e1c              Options.level0_stop_writes_trigger: 36
2023/06/29-10:20:40.142144 2e1c                   Options.target_file_size_base: 67108864
2023/06/29-10:20:40.142148 2e1c             Options.target_file_size_multiplier: 1
2023/06/29-10:20:40.142152 2e1c                Options.max_bytes_for_level_base: 268435456
2023/06/29-10:20:40.142157 2e1c Options.level_compaction_dynamic_level_bytes: 0
2023/06/29-10:20:40.142161 2e1c          Options.max_bytes_for_level_multiplier: 10.000000
2023/06/29-10:20:40.142167 2e1c Options.max_bytes_for_level_multiplier_addtl[0]: 1
2023/06/29-10:20:40.142171 2e1c Options.max_bytes_for_level_multiplier_addtl[1]: 1
2023/06/29-10:20:40.142176 2e1c Options.max_bytes_for_level_multiplier_addtl[2]: 1
2023/06/29-10:20:40.142180 2e1c Options.max_bytes_for_level_multiplier_addtl[3]: 1
2023/06/29-10:20:40.142185 2e1c Options.max_bytes_for_level_multiplier_addtl[4]: 1
2023/06/29-10:20:40.142189 2e1c Options.max_bytes_for_level_multiplier_addtl[5]: 1
2023/06/29-10:20:40.142193 2e1c Options.max_bytes_for_level_multiplier_addtl[6]: 1
2023/06/29-10:20:40.142198 2e1c       Options.max_sequential_skip_in_iterations: 8
2023/06/29-10:20:40.142202 2e1c                    Options.max_compaction_bytes: 1677721600
2023/06/29-10:20:40.142207 2e1c                        Options.arena_block_size: 8388608
2023/06/29-10:20:40.142211 2e1c   Options.soft_pending_compaction_bytes_limit: 68719476736
2023/06/29-10:20:40.142216 2e1c   Options.hard_pending_compaction_bytes_limit: 274877906944
2023/06/29-10:20:40.142220 2e1c       Options.rate_limit_delay_max_milliseconds: 100
2023/06/29-10:20:40.142224 2e1c                Options.disable_auto_compactions: 0
2023/06/29-10:20:40.142229 2e1c                        Options.compaction_style: kCompactionStyleLevel
2023/06/29-10:20:40.142235 2e1c                          Options.compaction_pri: kMinOverlappingRatio
2023/06/29-10:20:40.142239 2e1c Options.compaction_options_universal.size_ratio: 1
2023/06/29-10:20:40.142244 2e1c Options.compaction_options_universal.min_merge_width: 2
2023/06/29-10:20:40.142248 2e1c Options.compaction_options_universal.max_merge_width: 4294967295
2023/06/29-10:20:40.142252 2e1c Options.compaction_options_universal.max_size_amplification_percent: 200
2023/06/29-10:20:40.142257 2e1c Options.compaction_options_universal.compression_size_percent: -1
2023/06/29-10:20:40.142262 2e1c Options.compaction_options_universal.stop_style: kCompactionStopStyleTotalSize
2023/06/29-10:20:40.142266 2e1c Options.compaction_options_fifo.max_table_files_size: 1073741824
2023/06/29-10:20:40.142271 2e1c Options.compaction_options_fifo.allow_compaction: 0
2023/06/29-10:20:40.142277 2e1c                   Options.table_properties_collectors: 
2023/06/29-10:20:40.142281 2e1c                   Options.inplace_update_support: 0
2023/06/29-10:20:40.142286 2e1c                 Options.inplace_update_num_locks: 10000
2023/06/29-10:20:40.142290 2e1c               Options.memtable_prefix_bloom_size_ratio: 0.000000
2023/06/29-10:20:40.142295 2e1c               Options.memtable_whole_key_filtering: 0
2023/06/29-10:20:40.142299 2e1c   Options.memtable_huge_page_size: 0
2023/06/29-10:20:40.142304 2e1c                           Options.bloom_locality: 0
2023/06/29-10:20:40.142308 2e1c                    Options.max_successive_merges: 0
2023/06/29-10:20:40.142313 2e1c                Options.optimize_filters_for_hits: 0
2023/06/29-10:20:40.142317 2e1c                Options.paranoid_file_checks: 0
2023/06/29-10:20:40.142321 2e1c                Options.force_consistency_checks: 1
2023/06/29-10:20:40.142326 2e1c                Options.report_bg_io_stats: 0
2023/06/29-10:20:40.142333 2e1c                               Options.ttl: 2592000
2023/06/29-10:20:40.142338 2e1c          Options.periodic_compaction_seconds: 0
2023/06/29-10:20:40.142343 2e1c                    Options.enable_blob_files: false
2023/06/29-10:20:40.142347 2e1c                        Options.min_blob_size: 0
2023/06/29-10:20:40.142351 2e1c                       Options.blob_file_size: 268435456
2023/06/29-10:20:40.142356 2e1c                Options.blob_compression_type: NoCompression
2023/06/29-10:20:40.142361 2e1c       Options.enable_blob_garbage_collection: false
2023/06/29-10:20:40.142365 2e1c   Options.blob_garbage_collection_age_cutoff: 0.250000
2023/06/29-10:20:40.142451 2e1c [db\column_family.cc:597] --------------- Options for column family []:
2023/06/29-10:20:40.142460 2e1c               Options.comparator: leveldb.BytewiseComparator
2023/06/29-10:20:40.142465 2e1c           Options.merge_operator: None
2023/06/29-10:20:40.142469 2e1c        Options.compaction_filter: None
2023/06/29-10:20:40.142474 2e1c        Options.compaction_filter_factory: None
2023/06/29-10:20:40.142478 2e1c  Options.sst_partitioner_factory: None
2023/06/29-10:20:40.142482 2e1c         Options.memtable_factory: SkipListFactory
2023/06/29-10:20:40.142487 2e1c            Options.table_factory: BlockBasedTable
2023/06/29-10:20:40.142517 2e1c            table_factory options:   flush_block_policy_factory: FlushBlockBySizePolicyFactory (0000013032EB4A50)
  cache_index_and_filter_blocks: 0
  cache_index_and_filter_blocks_with_high_priority: 1
  pin_l0_filter_and_index_blocks_in_cache: 0
  pin_top_level_index_and_filter: 1
  index_type: 0
  data_block_index_type: 0
  index_shortening: 1
  data_block_hash_table_util_ratio: 0.750000
  hash_index_allow_collision: 1
  checksum: 1
  no_block_cache: 0
  block_cache: 00000130346A1880
  block_cache_name: LRUCache
  block_cache_options:
    capacity : 8388608
    num_shard_bits : 4
    strict_capacity_limit : 0
    memory_allocator : None
    high_pri_pool_ratio: 0.000
  block_cache_compressed: 0000000000000000
  persistent_cache: 0000000000000000
  block_size: 4096
  block_size_deviation: 10
  block_restart_interval: 16
  index_block_restart_interval: 1
  metadata_block_size: 4096
  partition_filters: 0
  use_delta_encoding: 1
  filter_policy: nullptr
  whole_key_filtering: 1
  verify_compression: 0
  read_amp_bytes_per_bit: 0
  format_version: 4
  enable_index_compression: 1
  block_align: 0
2023/06/29-10:20:40.142525 2e1c        Options.write_buffer_size: 67108864
2023/06/29-10:20:40.142530 2e1c  Options.max_write_buffer_number: 2
2023/06/29-10:20:40.142535 2e1c          Options.compression: Snappy
2023/06/29-10:20:40.142539 2e1c                  Options.bottommost_compression: Disabled
2023/06/29-10:20:40.142543 2e1c       Options.prefix_extractor: nullptr
2023/06/29-10:20:40.142547 2e1c   Options.memtable_insert_with_hint_prefix_extractor: nullptr
2023/06/29-10:20:40.142552 2e1c             Options.num_levels: 7
2023/06/29-10:20:40.142556 2e1c        Options.min_write_buffer_number_to_merge: 1
2023/06/29-10:20:40.142560 2e1c     Options.max_write_buffer_number_to_maintain: 0
2023/06/29-10:20:40.142565 2e1c     Options.max_write_buffer_size_to_maintain: 134217728
2023/06/29-10:20:40.142569 2e1c            Options.bottommost_compression_opts.window_bits: -14
2023/06/29-10:20:40.142574 2e1c                  Options.bottommost_compression_opts.level: 32767
2023/06/29-10:20:40.142578 2e1c               Options.bottommost_compression_opts.strategy: 0
2023/06/29-10:20:40.142583 2e1c         Options.bottommost_compression_opts.max_dict_bytes: 0
2023/06/29-10:20:40.142587 2e1c         Options.bottommost_compression_opts.zstd_max_train_bytes: 0
2023/06/29-10:20:40.142591 2e1c         Options.bottommost_compression_opts.parallel_threads: 1
2023/06/29-10:20:40.142596 2e1c                  Options.bottommost_compression_opts.enabled: false
2023/06/29-10:20:40.142600 2e1c            Options.compression_opts.window_bits: -14
2023/06/29-10:20:40.142605 2e1c                  Options.compression_opts.level: 32767
2023/06/29-10:20:40.142612 2e1c               Options.compression_opts.strategy: 0
2023/06/29-10:20:40.142618 2e1c         Options.compression_opts.max_dict_bytes: 0
2023/06/29-10:20:40.142622 2e1c         Options.compression_opts.zstd_max_train_bytes: 0
2023/06/29-10:20:40.142626 2e1c         Options.compression_opts.parallel_threads: 1
2023/06/29-10:20:40.142631 2e1c                  Options.compression_opts.enabled: false
2023/06/29-10:20:40.142635 2e1c      Options.level0_file_num_compaction_trigger: 4
2023/06/29-10:20:40.142640 2e1c          Options.level0_slowdown_writes_trigger: 20
2023/06/29-10:20:40.142644 2e1c              Options.level0_stop_writes_trigger: 36
2023/06/29-10:20:40.142648 2e1c                   Options.target_file_size_base: 67108864
2023/06/29-10:20:40.142653 2e1c             Options.target_file_size_multiplier: 1
2023/06/29-10:20:40.142657 2e1c                Options.max_bytes_for_level_base: 268435456
2023/06/29-10:20:40.142662 2e1c Options.level_compaction_dynamic_level_bytes: 0
2023/06/29-10:20:40.142666 2e1c          Options.max_bytes_for_level_multiplier: 10.000000
2023/06/29-10:20:40.142671 2e1c Options.max_bytes_for_level_multiplier_addtl[0]: 1
2023/06/29-10:20:40.142680 2e1c Options.max_bytes_for_level_multiplier_addtl[1]: 1
2023/06/29-10:20:40.142685 2e1c Options.max_bytes_for_level_multiplier_addtl[2]: 1
2023/06/29-10:20:40.142690 2e1c Options.max_bytes_for_level_multiplier_addtl[3]: 1
2023/06/29-10:20:40.142694 2e1c Options.max_bytes_for_level_multiplier_addtl[4]: 1
2023/06/29-10:20:40.142698 2e1c Options.max_bytes_for_level_multiplier_addtl[5]: 1
2023/06/29-10:20:40.142703 2e1c Options.max_bytes_for_level_multiplier_addtl[6]: 1
2023/06/29-10:20:40.142707 2e1c       Options.max_sequential_skip_in_iterations: 8
2023/06/29-10:20:40.142712 2e1c                    Options.max_compaction_bytes: 1677721600
2023/06/29-10:20:40.142716 2e1c                        Options.arena_block_size: 8388608
2023/06/29-10:20:40.142721 2e1c   Options.soft_pending_compaction_bytes_limit: 68719476736
2023/06/29-10:20:40.142725 2e1c   Options.hard_pending_compaction_bytes_limit: 274877906944
2023/06/29-10:20:40.142729 2e1c       Options.rate_limit_delay_max_milliseconds: 100
2023/06/29-10:20:40.142734 2e1c                Options.disable_auto_compactions: 0
2023/06/29-10:20:40.142739 2e1c                        Options.compaction_style: kCompactionStyleLevel
2023/06/29-10:20:40.142744 2e1c                          Options.compaction_pri: kMinOverlappingRatio
2023/06/29-10:20:40.142748 2e1c Options.compaction_options_universal.size_ratio: 1
2023/06/29-10:20:40.142753 2e1c Options.compaction_options_universal.min_merge_width: 2
2023/06/29-10:20:40.142757 2e1c Options.compaction_options_universal.max_merge_width: 4294967295
2023/06/29-10:20:40.142761 2e1c Options.compaction_options_universal.max_size_amplification_percent: 200
2023/06/29-10:20:40.142766 2e1c Options.compaction_options_universal.compression_size_percent: -1
2023/06/29-10:20:40.142771 2e1c Options.compaction_options_universal.stop_style: kCompactionStopStyleTotalSize
2023/06/29-10:20:40.142775 2e1c Options.compaction_options_fifo.max_table_files_size: 1073741824
2023/06/29-10:20:40.142779 2e1c Options.compaction_options_fifo.allow_compaction: 0
2023/06/29-10:20:40.142785 2e1c                   Options.table_properties_collectors: 
2023/06/29-10:20:40.142790 2e1c                   Options.inplace_update_support: 0
2023/06/29-10:20:40.142794 2e1c                 Options.inplace_update_num_locks: 10000
2023/06/29-10:20:40.142799 2e1c               Options.memtable_prefix_bloom_size_ratio: 0.000000
2023/06/29-10:20:40.142804 2e1c               Options.memtable_whole_key_filtering: 0
2023/06/29-10:20:40.142808 2e1c   Options.memtable_huge_page_size: 0
2023/06/29-10:20:40.142812 2e1c                           Options.bloom_locality: 0
2023/06/29-10:20:40.142817 2e1c                    Options.max_successive_merges: 0
2023/06/29-10:20:40.142821 2e1c                Options.optimize_filters_for_hits: 0
2023/06/29-10:20:40.142859 2e1c                Options.paranoid_file_checks: 0
2023/06/29-10:20:40.142867 2e1c                Options.force_consistency_checks: 1
2023/06/29-10:20:40.142871 2e1c                Options.report_bg_io_stats: 0
2023/06/29-10:20:40.142876 2e1c                               Options.ttl: 2592000
2023/06/29-10:20:40.142880 2e1c          Options.periodic_compaction_seconds: 0
2023/06/29-10:20:40.142884 2e1c                    Options.enable_blob_files: false
2023/06/29-10:20:40.142889 2e1c                        Options.min_blob_size: 0
2023/06/29-10:20:40.142893 2e1c                       Options.blob_file_size: 268435456
2023/06/29-10:20:40.142898 2e1c                Options.blob_compression_type: NoCompression
2023/06/29-10:20:40.142902 2e1c       Options.enable_blob_garbage_collection: false
2023/06/29-10:20:40.142907 2e1c   Options.blob_garbage_collection_age_cutoff: 0.250000
2023/06/29-10:20:40.142958 2e1c [db\column_family.cc:597] --------------- Options for column family []:
2023/06/29-10:20:40.142967 2e1c               Options.comparator: leveldb.BytewiseComparator
2023/06/29-10:20:40.142972 2e1c           Options.merge_operator: None
2023/06/29-10:20:40.142976 2e1c        Options.compaction_filter: None
2023/06/29-10:20:40.142980 2e1c        Options.compaction_filter_factory: None
2023/06/29-10:20:40.142984 2e1c  Options.sst_partitioner_factory: None
2023/06/29-10:20:40.142989 2e1c         Options.memtable_factory: SkipListFactory
2023/06/29-10:20:40.142994 2e1c            Options.table_factory: BlockBasedTable
2023/06/29-10:20:40.143021 2e1c            table_factory options:   flush_block_policy_factory: FlushBlockBySizePolicyFactory (0000013032EB49E0)
  cache_index_and_filter_blocks: 0
  cache_index_and_filter_blocks_with_high_priority: 1
  pin_l0_filter_and_index_blocks_in_cache: 0
  pin_top_level_index_and_filter: 1
  index_type: 0
  data_block_index_type: 0
  index_shortening: 1
  data_block_hash_table_util_ratio: 0.750000
  hash_index_allow_collision: 1
  checksum: 1
  no_block_cache: 0
  block_cache: 00000130346A1D50
  block_cache_name: LRUCache
  block_cache_options:
    capacity : 8388608
    num_shard_bits : 4
    strict_capacity_limit : 0
    memory_allocator : None
    high_pri_pool_ratio: 0.000
  block_cache_compressed: 0000000000000000
  persistent_cache: 0000000000000000
  block_size: 4096
  block_size_deviation: 10
  block_restart_interval: 16
  index_block_restart_interval: 1
  metadata_block_size: 4096
  partition_filters: 0
  use_delta_encoding: 1
  filter_policy: nullptr
  whole_key_filtering: 1
  verify_compression: 0
  read_amp_bytes_per_bit: 0
  format_version: 4
  enable_index_compression: 1
  block_align: 0
2023/06/29-10:20:40.143027 2e1c        Options.write_buffer_size: 67108864
2023/06/29-10:20:40.143032 2e1c  Options.max_write_buffer_number: 2
2023/06/29-10:20:40.143036 2e1c          Options.compression: Snappy
2023/06/29-10:20:40.143041 2e1c                  Options.bottommost_compression: Disabled
2023/06/29-10:20:40.143045 2e1c       Options.prefix_extractor: nullptr
2023/06/29-10:20:40.143050 2e1c   Options.memtable_insert_with_hint_prefix_extractor: nullptr
2023/06/29-10:20:40.143054 2e1c             Options.num_levels: 7
2023/06/29-10:20:40.143058 2e1c        Options.min_write_buffer_number_to_merge: 1
2023/06/29-10:20:40.143063 2e1c     Options.max_write_buffer_number_to_maintain: 0
2023/06/29-10:20:40.143067 2e1c     Options.max_write_buffer_size_to_maintain: 134217728
2023/06/29-10:20:40.143071 2e1c            Options.bottommost_compression_opts.window_bits: -14
2023/06/29-10:20:40.143076 2e1c                  Options.bottommost_compression_opts.level: 32767
2023/06/29-10:20:40.143080 2e1c               Options.bottommost_compression_opts.strategy: 0
2023/06/29-10:20:40.143085 2e1c         Options.bottommost_compression_opts.max_dict_bytes: 0
2023/06/29-10:20:40.143089 2e1c         Options.bottommost_compression_opts.zstd_max_train_bytes: 0
2023/06/29-10:20:40.143093 2e1c         Options.bottommost_compression_opts.parallel_threads: 1
2023/06/29-10:20:40.143098 2e1c                  Options.bottommost_compression_opts.enabled: false
2023/06/29-10:20:40.143105 2e1c            Options.compression_opts.window_bits: -14
2023/06/29-10:20:40.143111 2e1c                  Options.compression_opts.level: 32767
2023/06/29-10:20:40.143115 2e1c               Options.compression_opts.strategy: 0
2023/06/29-10:20:40.143119 2e1c         Options.compression_opts.max_dict_bytes: 0
2023/06/29-10:20:40.143124 2e1c         Options.compression_opts.zstd_max_train_bytes: 0
2023/06/29-10:20:40.143128 2e1c         Options.compression_opts.parallel_threads: 1
2023/06/29-10:20:40.143132 2e1c                  Options.compression_opts.enabled: false
2023/06/29-10:20:40.143137 2e1c      Options.level0_file_num_compaction_trigger: 4
2023/06/29-10:20:40.143141 2e1c          Options.level0_slowdown_writes_trigger: 20
2023/06/29-10:20:40.143145 2e1c              Options.level0_stop_writes_trigger: 36
2023/06/29-10:20:40.143150 2e1c                   Options.target_file_size_base: 67108864
2023/06/29-10:20:40.143154 2e1c             Options.target_file_size_multiplier: 1
2023/06/29-10:20:40.143159 2e1c                Options.max_bytes_for_level_base: 268435456
2023/06/29-10:20:40.143163 2e1c Options.level_compaction_dynamic_level_bytes: 0
2023/06/29-10:20:40.143168 2e1c          Options.max_bytes_for_level_multiplier: 10.000000
2023/06/29-10:20:40.143173 2e1c Options.max_bytes_for_level_multiplier_addtl[0]: 1
2023/06/29-10:20:40.143177 2e1c Options.max_bytes_for_level_multiplier_addtl[1]: 1
2023/06/29-10:20:40.143182 2e1c Options.max_bytes_for_level_multiplier_addtl[2]: 1
2023/06/29-10:20:40.143186 2e1c Options.max_bytes_for_level_multiplier_addtl[3]: 1
2023/06/29-10:20:40.143191 2e1c Options.max_bytes_for_level_multiplier_addtl[4]: 1
2023/06/29-10:20:40.143195 2e1c Options.max_bytes_for_level_multiplier_addtl[5]: 1
2023/06/29-10:20:40.143200 2e1c Options.max_bytes_for_level_multiplier_addtl[6]: 1
2023/06/29-10:20:40.143204 2e1c       Options.max_sequential_skip_in_iterations: 8
2023/06/29-10:20:40.143208 2e1c                    Options.max_compaction_bytes: 1677721600
2023/06/29-10:20:40.143213 2e1c                        Options.arena_block_size: 8388608
2023/06/29-10:20:40.143217 2e1c   Options.soft_pending_compaction_bytes_limit: 68719476736
2023/06/29-10:20:40.143222 2e1c   Options.hard_pending_compaction_bytes_limit: 274877906944
2023/06/29-10:20:40.143226 2e1c       Options.rate_limit_delay_max_milliseconds: 100
2023/06/29-10:20:40.143231 2e1c                Options.disable_auto_compactions: 0
2023/06/29-10:20:40.143236 2e1c                        Options.compaction_style: kCompactionStyleLevel
2023/06/29-10:20:40.143240 2e1c                          Options.compaction_pri: kMinOverlappingRatio
2023/06/29-10:20:40.143245 2e1c Options.compaction_options_universal.size_ratio: 1
2023/06/29-10:20:40.143249 2e1c Options.compaction_options_universal.min_merge_width: 2
2023/06/29-10:20:40.143253 2e1c Options.compaction_options_universal.max_merge_width: 4294967295
