2023/06/29-10:03:58.282278 7cc0 RocksDB version: 6.15.2
2023/06/29-10:03:58.282335 7cc0 Git sha rocksdb_build_git_sha:@ca8082762f736a665b75fa1d39468856071bc3a9@
2023/06/29-10:03:58.282349 7cc0 Compile date Jan  4 2021
2023/06/29-10:03:58.282375 7cc0 DB SUMMARY
2023/06/29-10:03:58.282389 7cc0 DB Session ID:  1AIASNG84JTCKR321JL4
2023/06/29-10:03:58.282510 7cc0 CURRENT file:  CURRENT
2023/06/29-10:03:58.282523 7cc0 IDENTITY file:  IDENTITY
2023/06/29-10:03:58.282555 7cc0 MANIFEST file:  MANIFEST-000075 size: 775 Bytes
2023/06/29-10:03:58.282567 7cc0 SST files in C:\Users\susmi\qbft-network\node3\data\database dir, Total Num: 2, files: 000023.sst 000072.sst 
2023/06/29-10:03:58.282576 7cc0 Write Ahead Log file in C:\Users\susmi\qbft-network\node3\data\database: 000076.log size: 0 ; 
2023/06/29-10:03:58.282747 7cc0                         Options.error_if_exists: 0
2023/06/29-10:03:58.282755 7cc0                       Options.create_if_missing: 1
2023/06/29-10:03:58.282758 7cc0                         Options.paranoid_checks: 1
2023/06/29-10:03:58.282762 7cc0                               Options.track_and_verify_wals_in_manifest: 0
2023/06/29-10:03:58.282765 7cc0                                     Options.env: 000001BB95E9EFE0
2023/06/29-10:03:58.282774 7cc0                                      Options.fs: Legacy File System
2023/06/29-10:03:58.282777 7cc0                                Options.info_log: 000001BB952EC9A0
2023/06/29-10:03:58.282780 7cc0                Options.max_file_opening_threads: 16
2023/06/29-10:03:58.282783 7cc0                              Options.statistics: 000001BB966846E0
2023/06/29-10:03:58.282786 7cc0                               Options.use_fsync: 0
2023/06/29-10:03:58.282789 7cc0                       Options.max_log_file_size: 0
2023/06/29-10:03:58.282792 7cc0                  Options.max_manifest_file_size: 1073741824
2023/06/29-10:03:58.282799 7cc0                   Options.log_file_time_to_roll: 0
2023/06/29-10:03:58.282802 7cc0                       Options.keep_log_file_num: 1000
2023/06/29-10:03:58.282805 7cc0                    Options.recycle_log_file_num: 0
2023/06/29-10:03:58.282808 7cc0                         Options.allow_fallocate: 1
2023/06/29-10:03:58.282811 7cc0                        Options.allow_mmap_reads: 0
2023/06/29-10:03:58.282814 7cc0                       Options.allow_mmap_writes: 0
2023/06/29-10:03:58.282817 7cc0                        Options.use_direct_reads: 0
2023/06/29-10:03:58.282820 7cc0                        Options.use_direct_io_for_flush_and_compaction: 0
2023/06/29-10:03:58.282823 7cc0          Options.create_missing_column_families: 1
2023/06/29-10:03:58.282826 7cc0                              Options.db_log_dir: 
2023/06/29-10:03:58.282829 7cc0                                 Options.wal_dir: C:\Users\susmi\qbft-network\node3\data\database
2023/06/29-10:03:58.282832 7cc0                Options.table_cache_numshardbits: 6
2023/06/29-10:03:58.282835 7cc0                         Options.WAL_ttl_seconds: 0
2023/06/29-10:03:58.282838 7cc0                       Options.WAL_size_limit_MB: 0
2023/06/29-10:03:58.282840 7cc0                        Options.max_write_batch_group_size_bytes: 1048576
2023/06/29-10:03:58.282844 7cc0             Options.manifest_preallocation_size: 4194304
2023/06/29-10:03:58.282847 7cc0                     Options.is_fd_close_on_exec: 1
2023/06/29-10:03:58.282850 7cc0                   Options.advise_random_on_open: 1
2023/06/29-10:03:58.282853 7cc0                    Options.db_write_buffer_size: 0
2023/06/29-10:03:58.282855 7cc0                    Options.write_buffer_manager: 000001BB95C8C7F0
2023/06/29-10:03:58.282858 7cc0         Options.access_hint_on_compaction_start: 1
2023/06/29-10:03:58.282861 7cc0  Options.new_table_reader_for_compaction_inputs: 0
2023/06/29-10:03:58.282864 7cc0           Options.random_access_max_buffer_size: 1048576
2023/06/29-10:03:58.282867 7cc0                      Options.use_adaptive_mutex: 0
2023/06/29-10:03:58.282870 7cc0                            Options.rate_limiter: 0000000000000000
2023/06/29-10:03:58.282873 7cc0     Options.sst_file_manager.rate_bytes_per_sec: 0
2023/06/29-10:03:58.282895 7cc0                       Options.wal_recovery_mode: 2
2023/06/29-10:03:58.282899 7cc0                  Options.enable_thread_tracking: 0
2023/06/29-10:03:58.282902 7cc0                  Options.enable_pipelined_write: 0
2023/06/29-10:03:58.282905 7cc0                  Options.unordered_write: 0
2023/06/29-10:03:58.282908 7cc0         Options.allow_concurrent_memtable_write: 1
2023/06/29-10:03:58.282911 7cc0      Options.enable_write_thread_adaptive_yield: 1
2023/06/29-10:03:58.282914 7cc0             Options.write_thread_max_yield_usec: 100
2023/06/29-10:03:58.282917 7cc0            Options.write_thread_slow_yield_usec: 3
2023/06/29-10:03:58.282920 7cc0                               Options.row_cache: None
2023/06/29-10:03:58.282923 7cc0                              Options.wal_filter: None
2023/06/29-10:03:58.282926 7cc0             Options.avoid_flush_during_recovery: 0
2023/06/29-10:03:58.282929 7cc0             Options.allow_ingest_behind: 0
2023/06/29-10:03:58.282931 7cc0             Options.preserve_deletes: 0
2023/06/29-10:03:58.282934 7cc0             Options.two_write_queues: 0
2023/06/29-10:03:58.282937 7cc0             Options.manual_wal_flush: 0
2023/06/29-10:03:58.282940 7cc0             Options.atomic_flush: 0
2023/06/29-10:03:58.282943 7cc0             Options.avoid_unnecessary_blocking_io: 0
2023/06/29-10:03:58.282946 7cc0                 Options.persist_stats_to_disk: 0
2023/06/29-10:03:58.282949 7cc0                 Options.write_dbid_to_manifest: 0
2023/06/29-10:03:58.282952 7cc0                 Options.log_readahead_size: 0
2023/06/29-10:03:58.282955 7cc0                 Options.file_checksum_gen_factory: Unknown
2023/06/29-10:03:58.282958 7cc0                 Options.best_efforts_recovery: 0
2023/06/29-10:03:58.282961 7cc0                Options.max_bgerror_resume_count: 2147483647
2023/06/29-10:03:58.282964 7cc0            Options.bgerror_resume_retry_interval: 1000000
2023/06/29-10:03:58.282967 7cc0             Options.allow_data_in_errors: 0
2023/06/29-10:03:58.282970 7cc0             Options.db_host_id: __hostname__
2023/06/29-10:03:58.282973 7cc0             Options.max_background_jobs: 2
2023/06/29-10:03:58.282975 7cc0             Options.max_background_compactions: 4
2023/06/29-10:03:58.282978 7cc0             Options.max_subcompactions: 1
2023/06/29-10:03:58.282981 7cc0             Options.avoid_flush_during_shutdown: 0
2023/06/29-10:03:58.282984 7cc0           Options.writable_file_max_buffer_size: 1048576
2023/06/29-10:03:58.282987 7cc0             Options.delayed_write_rate : 16777216
2023/06/29-10:03:58.282990 7cc0             Options.max_total_wal_size: 0
2023/06/29-10:03:58.282993 7cc0             Options.delete_obsolete_files_period_micros: 21600000000
2023/06/29-10:03:58.282996 7cc0                   Options.stats_dump_period_sec: 600
2023/06/29-10:03:58.282999 7cc0                 Options.stats_persist_period_sec: 600
2023/06/29-10:03:58.283002 7cc0                 Options.stats_history_buffer_size: 1048576
2023/06/29-10:03:58.283005 7cc0                          Options.max_open_files: 1024
2023/06/29-10:03:58.283008 7cc0                          Options.bytes_per_sync: 0
2023/06/29-10:03:58.283011 7cc0                      Options.wal_bytes_per_sync: 0
2023/06/29-10:03:58.283014 7cc0                   Options.strict_bytes_per_sync: 0
2023/06/29-10:03:58.283016 7cc0       Options.compaction_readahead_size: 0
2023/06/29-10:03:58.283019 7cc0                  Options.max_background_flushes: -1
2023/06/29-10:03:58.283022 7cc0 Compression algorithms supported:
2023/06/29-10:03:58.283026 7cc0 	kZSTD supported: 1
2023/06/29-10:03:58.283029 7cc0 	kSnappyCompression supported: 1
2023/06/29-10:03:58.283032 7cc0 	kBZip2Compression supported: 0
2023/06/29-10:03:58.283035 7cc0 	kZlibCompression supported: 1
2023/06/29-10:03:58.283038 7cc0 	kLZ4Compression supported: 1
2023/06/29-10:03:58.283041 7cc0 	kXpressCompression supported: 0
2023/06/29-10:03:58.283044 7cc0 	kLZ4HCCompression supported: 1
2023/06/29-10:03:58.283058 7cc0 	kZSTDNotFinalCompression supported: 1
2023/06/29-10:03:58.283070 7cc0 Fast CRC32 supported: Supported on x86
2023/06/29-10:03:58.284038 7cc0 [db\version_set.cc:4725] Recovering from manifest file: C:\Users\susmi\qbft-network\node3\data\database/MANIFEST-000075
2023/06/29-10:03:58.284450 7cc0 [db\column_family.cc:597] --------------- Options for column family [default]:
2023/06/29-10:03:58.284464 7cc0               Options.comparator: leveldb.BytewiseComparator
2023/06/29-10:03:58.284468 7cc0           Options.merge_operator: None
2023/06/29-10:03:58.284471 7cc0        Options.compaction_filter: None
2023/06/29-10:03:58.284474 7cc0        Options.compaction_filter_factory: None
2023/06/29-10:03:58.284480 7cc0  Options.sst_partitioner_factory: None
2023/06/29-10:03:58.284483 7cc0         Options.memtable_factory: SkipListFactory
2023/06/29-10:03:58.284486 7cc0            Options.table_factory: BlockBasedTable
2023/06/29-10:03:58.284512 7cc0            table_factory options:   flush_block_policy_factory: FlushBlockBySizePolicyFactory (000001BB961B39B0)
  cache_index_and_filter_blocks: 0
  cache_index_and_filter_blocks_with_high_priority: 1
  pin_l0_filter_and_index_blocks_in_cache: 0
  pin_top_level_index_and_filter: 1
  index_type: 0
  data_block_index_type: 0
  index_shortening: 1
  data_block_hash_table_util_ratio: 0.750000
  hash_index_allow_collision: 1
  checksum: 1
  no_block_cache: 0
  block_cache: 000001BB96640890
  block_cache_name: LRUCache
  block_cache_options:
    capacity : 8388608
    num_shard_bits : 4
    strict_capacity_limit : 0
    memory_allocator : None
    high_pri_pool_ratio: 0.000
  block_cache_compressed: 0000000000000000
  persistent_cache: 0000000000000000
  block_size: 4096
  block_size_deviation: 10
  block_restart_interval: 16
  index_block_restart_interval: 1
  metadata_block_size: 4096
  partition_filters: 0
  use_delta_encoding: 1
  filter_policy: nullptr
  whole_key_filtering: 1
  verify_compression: 0
  read_amp_bytes_per_bit: 0
  format_version: 4
  enable_index_compression: 1
  block_align: 0
2023/06/29-10:03:58.284517 7cc0        Options.write_buffer_size: 67108864
2023/06/29-10:03:58.284520 7cc0  Options.max_write_buffer_number: 2
2023/06/29-10:03:58.284523 7cc0          Options.compression: Snappy
2023/06/29-10:03:58.284526 7cc0                  Options.bottommost_compression: Disabled
2023/06/29-10:03:58.284529 7cc0       Options.prefix_extractor: nullptr
2023/06/29-10:03:58.284532 7cc0   Options.memtable_insert_with_hint_prefix_extractor: nullptr
2023/06/29-10:03:58.284535 7cc0             Options.num_levels: 7
2023/06/29-10:03:58.284538 7cc0        Options.min_write_buffer_number_to_merge: 1
2023/06/29-10:03:58.284541 7cc0     Options.max_write_buffer_number_to_maintain: 0
2023/06/29-10:03:58.284544 7cc0     Options.max_write_buffer_size_to_maintain: 134217728
2023/06/29-10:03:58.284546 7cc0            Options.bottommost_compression_opts.window_bits: -14
2023/06/29-10:03:58.284549 7cc0                  Options.bottommost_compression_opts.level: 32767
2023/06/29-10:03:58.284552 7cc0               Options.bottommost_compression_opts.strategy: 0
2023/06/29-10:03:58.284555 7cc0         Options.bottommost_compression_opts.max_dict_bytes: 0
2023/06/29-10:03:58.284558 7cc0         Options.bottommost_compression_opts.zstd_max_train_bytes: 0
2023/06/29-10:03:58.284561 7cc0         Options.bottommost_compression_opts.parallel_threads: 1
2023/06/29-10:03:58.284564 7cc0                  Options.bottommost_compression_opts.enabled: false
2023/06/29-10:03:58.284567 7cc0            Options.compression_opts.window_bits: -14
2023/06/29-10:03:58.284570 7cc0                  Options.compression_opts.level: 32767
2023/06/29-10:03:58.284573 7cc0               Options.compression_opts.strategy: 0
2023/06/29-10:03:58.284576 7cc0         Options.compression_opts.max_dict_bytes: 0
2023/06/29-10:03:58.284579 7cc0         Options.compression_opts.zstd_max_train_bytes: 0
2023/06/29-10:03:58.284582 7cc0         Options.compression_opts.parallel_threads: 1
2023/06/29-10:03:58.284585 7cc0                  Options.compression_opts.enabled: false
2023/06/29-10:03:58.284589 7cc0      Options.level0_file_num_compaction_trigger: 4
2023/06/29-10:03:58.284593 7cc0          Options.level0_slowdown_writes_trigger: 20
2023/06/29-10:03:58.284596 7cc0              Options.level0_stop_writes_trigger: 36
2023/06/29-10:03:58.284599 7cc0                   Options.target_file_size_base: 67108864
2023/06/29-10:03:58.284602 7cc0             Options.target_file_size_multiplier: 1
2023/06/29-10:03:58.284605 7cc0                Options.max_bytes_for_level_base: 268435456
2023/06/29-10:03:58.284608 7cc0 Options.level_compaction_dynamic_level_bytes: 0
2023/06/29-10:03:58.284610 7cc0          Options.max_bytes_for_level_multiplier: 10.000000
2023/06/29-10:03:58.284614 7cc0 Options.max_bytes_for_level_multiplier_addtl[0]: 1
2023/06/29-10:03:58.284617 7cc0 Options.max_bytes_for_level_multiplier_addtl[1]: 1
2023/06/29-10:03:58.284620 7cc0 Options.max_bytes_for_level_multiplier_addtl[2]: 1
2023/06/29-10:03:58.284623 7cc0 Options.max_bytes_for_level_multiplier_addtl[3]: 1
2023/06/29-10:03:58.284626 7cc0 Options.max_bytes_for_level_multiplier_addtl[4]: 1
2023/06/29-10:03:58.284629 7cc0 Options.max_bytes_for_level_multiplier_addtl[5]: 1
2023/06/29-10:03:58.284632 7cc0 Options.max_bytes_for_level_multiplier_addtl[6]: 1
2023/06/29-10:03:58.284635 7cc0       Options.max_sequential_skip_in_iterations: 8
2023/06/29-10:03:58.284638 7cc0                    Options.max_compaction_bytes: 1677721600
2023/06/29-10:03:58.284641 7cc0                        Options.arena_block_size: 8388608
2023/06/29-10:03:58.284644 7cc0   Options.soft_pending_compaction_bytes_limit: 68719476736
2023/06/29-10:03:58.284647 7cc0   Options.hard_pending_compaction_bytes_limit: 274877906944
2023/06/29-10:03:58.284650 7cc0       Options.rate_limit_delay_max_milliseconds: 100
2023/06/29-10:03:58.284653 7cc0                Options.disable_auto_compactions: 0
2023/06/29-10:03:58.284656 7cc0                        Options.compaction_style: kCompactionStyleLevel
2023/06/29-10:03:58.284660 7cc0                          Options.compaction_pri: kMinOverlappingRatio
2023/06/29-10:03:58.284663 7cc0 Options.compaction_options_universal.size_ratio: 1
2023/06/29-10:03:58.284666 7cc0 Options.compaction_options_universal.min_merge_width: 2
2023/06/29-10:03:58.284669 7cc0 Options.compaction_options_universal.max_merge_width: 4294967295
2023/06/29-10:03:58.284672 7cc0 Options.compaction_options_universal.max_size_amplification_percent: 200
2023/06/29-10:03:58.284675 7cc0 Options.compaction_options_universal.compression_size_percent: -1
2023/06/29-10:03:58.284678 7cc0 Options.compaction_options_universal.stop_style: kCompactionStopStyleTotalSize
2023/06/29-10:03:58.284681 7cc0 Options.compaction_options_fifo.max_table_files_size: 1073741824
2023/06/29-10:03:58.284684 7cc0 Options.compaction_options_fifo.allow_compaction: 0
2023/06/29-10:03:58.284690 7cc0                   Options.table_properties_collectors: 
2023/06/29-10:03:58.284693 7cc0                   Options.inplace_update_support: 0
2023/06/29-10:03:58.284696 7cc0                 Options.inplace_update_num_locks: 10000
2023/06/29-10:03:58.284698 7cc0               Options.memtable_prefix_bloom_size_ratio: 0.000000
2023/06/29-10:03:58.284702 7cc0               Options.memtable_whole_key_filtering: 0
2023/06/29-10:03:58.284705 7cc0   Options.memtable_huge_page_size: 0
2023/06/29-10:03:58.284708 7cc0                           Options.bloom_locality: 0
2023/06/29-10:03:58.284711 7cc0                    Options.max_successive_merges: 0
2023/06/29-10:03:58.284714 7cc0                Options.optimize_filters_for_hits: 0
2023/06/29-10:03:58.284716 7cc0                Options.paranoid_file_checks: 0
2023/06/29-10:03:58.284719 7cc0                Options.force_consistency_checks: 1
2023/06/29-10:03:58.284722 7cc0                Options.report_bg_io_stats: 0
2023/06/29-10:03:58.284725 7cc0                               Options.ttl: 2592000
2023/06/29-10:03:58.284728 7cc0          Options.periodic_compaction_seconds: 0
2023/06/29-10:03:58.284731 7cc0                    Options.enable_blob_files: false
2023/06/29-10:03:58.284755 7cc0                        Options.min_blob_size: 0
2023/06/29-10:03:58.284760 7cc0                       Options.blob_file_size: 268435456
2023/06/29-10:03:58.284763 7cc0                Options.blob_compression_type: NoCompression
2023/06/29-10:03:58.284766 7cc0       Options.enable_blob_garbage_collection: false
2023/06/29-10:03:58.284769 7cc0   Options.blob_garbage_collection_age_cutoff: 0.250000
2023/06/29-10:03:58.284939 7cc0 [db\column_family.cc:597] --------------- Options for column family []:
2023/06/29-10:03:58.284946 7cc0               Options.comparator: leveldb.BytewiseComparator
2023/06/29-10:03:58.284949 7cc0           Options.merge_operator: None
2023/06/29-10:03:58.284952 7cc0        Options.compaction_filter: None
2023/06/29-10:03:58.284955 7cc0        Options.compaction_filter_factory: None
2023/06/29-10:03:58.284958 7cc0  Options.sst_partitioner_factory: None
2023/06/29-10:03:58.284960 7cc0         Options.memtable_factory: SkipListFactory
2023/06/29-10:03:58.284963 7cc0            Options.table_factory: BlockBasedTable
2023/06/29-10:03:58.284984 7cc0            table_factory options:   flush_block_policy_factory: FlushBlockBySizePolicyFactory (000001BB961B3AB0)
  cache_index_and_filter_blocks: 0
  cache_index_and_filter_blocks_with_high_priority: 1
  pin_l0_filter_and_index_blocks_in_cache: 0
  pin_top_level_index_and_filter: 1
  index_type: 0
  data_block_index_type: 0
  index_shortening: 1
  data_block_hash_table_util_ratio: 0.750000
  hash_index_allow_collision: 1
  checksum: 1
  no_block_cache: 0
  block_cache: 000001BB96641860
  block_cache_name: LRUCache
  block_cache_options:
    capacity : 8388608
    num_shard_bits : 4
    strict_capacity_limit : 0
    memory_allocator : None
    high_pri_pool_ratio: 0.000
  block_cache_compressed: 0000000000000000
  persistent_cache: 0000000000000000
  block_size: 4096
  block_size_deviation: 10
  block_restart_interval: 16
  index_block_restart_interval: 1
  metadata_block_size: 4096
  partition_filters: 0
  use_delta_encoding: 1
  filter_policy: nullptr
  whole_key_filtering: 1
  verify_compression: 0
  read_amp_bytes_per_bit: 0
  format_version: 4
  enable_index_compression: 1
  block_align: 0
2023/06/29-10:03:58.284989 7cc0        Options.write_buffer_size: 67108864
2023/06/29-10:03:58.284992 7cc0  Options.max_write_buffer_number: 2
2023/06/29-10:03:58.284995 7cc0          Options.compression: Snappy
2023/06/29-10:03:58.284998 7cc0                  Options.bottommost_compression: Disabled
2023/06/29-10:03:58.285001 7cc0       Options.prefix_extractor: nullptr
2023/06/29-10:03:58.285004 7cc0   Options.memtable_insert_with_hint_prefix_extractor: nullptr
2023/06/29-10:03:58.285007 7cc0             Options.num_levels: 7
2023/06/29-10:03:58.285010 7cc0        Options.min_write_buffer_number_to_merge: 1
2023/06/29-10:03:58.285013 7cc0     Options.max_write_buffer_number_to_maintain: 0
2023/06/29-10:03:58.285015 7cc0     Options.max_write_buffer_size_to_maintain: 134217728
2023/06/29-10:03:58.285018 7cc0            Options.bottommost_compression_opts.window_bits: -14
2023/06/29-10:03:58.285021 7cc0                  Options.bottommost_compression_opts.level: 32767
2023/06/29-10:03:58.285024 7cc0               Options.bottommost_compression_opts.strategy: 0
2023/06/29-10:03:58.285027 7cc0         Options.bottommost_compression_opts.max_dict_bytes: 0
2023/06/29-10:03:58.285030 7cc0         Options.bottommost_compression_opts.zstd_max_train_bytes: 0
2023/06/29-10:03:58.285033 7cc0         Options.bottommost_compression_opts.parallel_threads: 1
2023/06/29-10:03:58.285036 7cc0                  Options.bottommost_compression_opts.enabled: false
2023/06/29-10:03:58.285039 7cc0            Options.compression_opts.window_bits: -14
2023/06/29-10:03:58.285042 7cc0                  Options.compression_opts.level: 32767
2023/06/29-10:03:58.285045 7cc0               Options.compression_opts.strategy: 0
2023/06/29-10:03:58.285048 7cc0         Options.compression_opts.max_dict_bytes: 0
2023/06/29-10:03:58.285052 7cc0         Options.compression_opts.zstd_max_train_bytes: 0
2023/06/29-10:03:58.285056 7cc0         Options.compression_opts.parallel_threads: 1
2023/06/29-10:03:58.285059 7cc0                  Options.compression_opts.enabled: false
2023/06/29-10:03:58.285062 7cc0      Options.level0_file_num_compaction_trigger: 4
2023/06/29-10:03:58.285065 7cc0          Options.level0_slowdown_writes_trigger: 20
2023/06/29-10:03:58.285068 7cc0              Options.level0_stop_writes_trigger: 36
2023/06/29-10:03:58.285070 7cc0                   Options.target_file_size_base: 67108864
2023/06/29-10:03:58.285073 7cc0             Options.target_file_size_multiplier: 1
2023/06/29-10:03:58.285076 7cc0                Options.max_bytes_for_level_base: 268435456
2023/06/29-10:03:58.285079 7cc0 Options.level_compaction_dynamic_level_bytes: 0
2023/06/29-10:03:58.285082 7cc0          Options.max_bytes_for_level_multiplier: 10.000000
2023/06/29-10:03:58.285086 7cc0 Options.max_bytes_for_level_multiplier_addtl[0]: 1
2023/06/29-10:03:58.285089 7cc0 Options.max_bytes_for_level_multiplier_addtl[1]: 1
2023/06/29-10:03:58.285092 7cc0 Options.max_bytes_for_level_multiplier_addtl[2]: 1
2023/06/29-10:03:58.285095 7cc0 Options.max_bytes_for_level_multiplier_addtl[3]: 1
2023/06/29-10:03:58.285097 7cc0 Options.max_bytes_for_level_multiplier_addtl[4]: 1
2023/06/29-10:03:58.285100 7cc0 Options.max_bytes_for_level_multiplier_addtl[5]: 1
2023/06/29-10:03:58.285103 7cc0 Options.max_bytes_for_level_multiplier_addtl[6]: 1
2023/06/29-10:03:58.285106 7cc0       Options.max_sequential_skip_in_iterations: 8
2023/06/29-10:03:58.285109 7cc0                    Options.max_compaction_bytes: 1677721600
2023/06/29-10:03:58.285112 7cc0                        Options.arena_block_size: 8388608
2023/06/29-10:03:58.285115 7cc0   Options.soft_pending_compaction_bytes_limit: 68719476736
2023/06/29-10:03:58.285118 7cc0   Options.hard_pending_compaction_bytes_limit: 274877906944
2023/06/29-10:03:58.285121 7cc0       Options.rate_limit_delay_max_milliseconds: 100
2023/06/29-10:03:58.285124 7cc0                Options.disable_auto_compactions: 0
2023/06/29-10:03:58.285127 7cc0                        Options.compaction_style: kCompactionStyleLevel
2023/06/29-10:03:58.285131 7cc0                          Options.compaction_pri: kMinOverlappingRatio
2023/06/29-10:03:58.285134 7cc0 Options.compaction_options_universal.size_ratio: 1
2023/06/29-10:03:58.285137 7cc0 Options.compaction_options_universal.min_merge_width: 2
2023/06/29-10:03:58.285140 7cc0 Options.compaction_options_universal.max_merge_width: 4294967295
2023/06/29-10:03:58.285142 7cc0 Options.compaction_options_universal.max_size_amplification_percent: 200
2023/06/29-10:03:58.285145 7cc0 Options.compaction_options_universal.compression_size_percent: -1
2023/06/29-10:03:58.285149 7cc0 Options.compaction_options_universal.stop_style: kCompactionStopStyleTotalSize
2023/06/29-10:03:58.285152 7cc0 Options.compaction_options_fifo.max_table_files_size: 1073741824
2023/06/29-10:03:58.285155 7cc0 Options.compaction_options_fifo.allow_compaction: 0
2023/06/29-10:03:58.285159 7cc0                   Options.table_properties_collectors: 
2023/06/29-10:03:58.285162 7cc0                   Options.inplace_update_support: 0
2023/06/29-10:03:58.285165 7cc0                 Options.inplace_update_num_locks: 10000
2023/06/29-10:03:58.285167 7cc0               Options.memtable_prefix_bloom_size_ratio: 0.000000
2023/06/29-10:03:58.285171 7cc0               Options.memtable_whole_key_filtering: 0
2023/06/29-10:03:58.285174 7cc0   Options.memtable_huge_page_size: 0
2023/06/29-10:03:58.285176 7cc0                           Options.bloom_locality: 0
2023/06/29-10:03:58.285179 7cc0                    Options.max_successive_merges: 0
2023/06/29-10:03:58.285182 7cc0                Options.optimize_filters_for_hits: 0
2023/06/29-10:03:58.285185 7cc0                Options.paranoid_file_checks: 0
2023/06/29-10:03:58.285188 7cc0                Options.force_consistency_checks: 1
2023/06/29-10:03:58.285191 7cc0                Options.report_bg_io_stats: 0
2023/06/29-10:03:58.285195 7cc0                               Options.ttl: 2592000
2023/06/29-10:03:58.285198 7cc0          Options.periodic_compaction_seconds: 0
2023/06/29-10:03:58.285201 7cc0                    Options.enable_blob_files: false
2023/06/29-10:03:58.285204 7cc0                        Options.min_blob_size: 0
2023/06/29-10:03:58.285207 7cc0                       Options.blob_file_size: 268435456
2023/06/29-10:03:58.285210 7cc0                Options.blob_compression_type: NoCompression
2023/06/29-10:03:58.285213 7cc0       Options.enable_blob_garbage_collection: false
2023/06/29-10:03:58.285216 7cc0   Options.blob_garbage_collection_age_cutoff: 0.250000
2023/06/29-10:03:58.285270 7cc0 [db\column_family.cc:597] --------------- Options for column family []:
2023/06/29-10:03:58.285276 7cc0               Options.comparator: leveldb.BytewiseComparator
2023/06/29-10:03:58.285279 7cc0           Options.merge_operator: None
2023/06/29-10:03:58.285282 7cc0        Options.compaction_filter: None
2023/06/29-10:03:58.285285 7cc0        Options.compaction_filter_factory: None
2023/06/29-10:03:58.285288 7cc0  Options.sst_partitioner_factory: None
2023/06/29-10:03:58.285291 7cc0         Options.memtable_factory: SkipListFactory
2023/06/29-10:03:58.285294 7cc0            Options.table_factory: BlockBasedTable
2023/06/29-10:03:58.285316 7cc0            table_factory options:   flush_block_policy_factory: FlushBlockBySizePolicyFactory (000001BB961B3A90)
  cache_index_and_filter_blocks: 0
  cache_index_and_filter_blocks_with_high_priority: 1
  pin_l0_filter_and_index_blocks_in_cache: 0
  pin_top_level_index_and_filter: 1
  index_type: 0
  data_block_index_type: 0
  index_shortening: 1
  data_block_hash_table_util_ratio: 0.750000
  hash_index_allow_collision: 1
  checksum: 1
  no_block_cache: 0
  block_cache: 000001BB96640260
  block_cache_name: LRUCache
  block_cache_options:
    capacity : 8388608
    num_shard_bits : 4
    strict_capacity_limit : 0
    memory_allocator : None
    high_pri_pool_ratio: 0.000
  block_cache_compressed: 0000000000000000
  persistent_cache: 0000000000000000
  block_size: 4096
  block_size_deviation: 10
  block_restart_interval: 16
  index_block_restart_interval: 1
  metadata_block_size: 4096
  partition_filters: 0
  use_delta_encoding: 1
  filter_policy: nullptr
  whole_key_filtering: 1
  verify_compression: 0
  read_amp_bytes_per_bit: 0
  format_version: 4
  enable_index_compression: 1
  block_align: 0
2023/06/29-10:03:58.285321 7cc0        Options.write_buffer_size: 67108864
2023/06/29-10:03:58.285324 7cc0  Options.max_write_buffer_number: 2
2023/06/29-10:03:58.285327 7cc0          Options.compression: Snappy
2023/06/29-10:03:58.285330 7cc0                  Options.bottommost_compression: Disabled
2023/06/29-10:03:58.285333 7cc0       Options.prefix_extractor: nullptr
2023/06/29-10:03:58.285336 7cc0   Options.memtable_insert_with_hint_prefix_extractor: nullptr
2023/06/29-10:03:58.285338 7cc0             Options.num_levels: 7
2023/06/29-10:03:58.285341 7cc0        Options.min_write_buffer_number_to_merge: 1
2023/06/29-10:03:58.285344 7cc0     Options.max_write_buffer_number_to_maintain: 0
2023/06/29-10:03:58.285347 7cc0     Options.max_write_buffer_size_to_maintain: 134217728
2023/06/29-10:03:58.285350 7cc0            Options.bottommost_compression_opts.window_bits: -14
2023/06/29-10:03:58.285353 7cc0                  Options.bottommost_compression_opts.level: 32767
2023/06/29-10:03:58.285356 7cc0               Options.bottommost_compression_opts.strategy: 0
2023/06/29-10:03:58.285359 7cc0         Options.bottommost_compression_opts.max_dict_bytes: 0
2023/06/29-10:03:58.285362 7cc0         Options.bottommost_compression_opts.zstd_max_train_bytes: 0
2023/06/29-10:03:58.285365 7cc0         Options.bottommost_compression_opts.parallel_threads: 1
2023/06/29-10:03:58.285368 7cc0                  Options.bottommost_compression_opts.enabled: false
2023/06/29-10:03:58.285371 7cc0            Options.compression_opts.window_bits: -14
2023/06/29-10:03:58.285374 7cc0                  Options.compression_opts.level: 32767
2023/06/29-10:03:58.285378 7cc0               Options.compression_opts.strategy: 0
2023/06/29-10:03:58.285381 7cc0         Options.compression_opts.max_dict_bytes: 0
2023/06/29-10:03:58.285384 7cc0         Options.compression_opts.zstd_max_train_bytes: 0
2023/06/29-10:03:58.285387 7cc0         Options.compression_opts.parallel_threads: 1
2023/06/29-10:03:58.285390 7cc0                  Options.compression_opts.enabled: false
2023/06/29-10:03:58.285393 7cc0      Options.level0_file_num_compaction_trigger: 4
2023/06/29-10:03:58.285396 7cc0          Options.level0_slowdown_writes_trigger: 20
2023/06/29-10:03:58.285399 7cc0              Options.level0_stop_writes_trigger: 36
2023/06/29-10:03:58.285402 7cc0                   Options.target_file_size_base: 67108864
2023/06/29-10:03:58.285405 7cc0             Options.target_file_size_multiplier: 1
2023/06/29-10:03:58.285408 7cc0                Options.max_bytes_for_level_base: 268435456
2023/06/29-10:03:58.285411 7cc0 Options.level_compaction_dynamic_level_bytes: 0
2023/06/29-10:03:58.285413 7cc0          Options.max_bytes_for_level_multiplier: 10.000000
2023/06/29-10:03:58.285417 7cc0 Options.max_bytes_for_level_multiplier_addtl[0]: 1
2023/06/29-10:03:58.285420 7cc0 Options.max_bytes_for_level_multiplier_addtl[1]: 1
2023/06/29-10:03:58.285423 7cc0 Options.max_bytes_for_level_multiplier_addtl[2]: 1
2023/06/29-10:03:58.285426 7cc0 Options.max_bytes_for_level_multiplier_addtl[3]: 1
2023/06/29-10:03:58.285429 7cc0 Options.max_bytes_for_level_multiplier_addtl[4]: 1
2023/06/29-10:03:58.285432 7cc0 Options.max_bytes_for_level_multiplier_addtl[5]: 1
2023/06/29-10:03:58.285435 7cc0 Options.max_bytes_for_level_multiplier_addtl[6]: 1
2023/06/29-10:03:58.285437 7cc0       Options.max_sequential_skip_in_iterations: 8
2023/06/29-10:03:58.285440 7cc0                    Options.max_compaction_bytes: 1677721600
2023/06/29-10:03:58.285443 7cc0                        Options.arena_block_size: 8388608
2023/06/29-10:03:58.285446 7cc0   Options.soft_pending_compaction_bytes_limit: 68719476736
2023/06/29-10:03:58.285449 7cc0   Options.hard_pending_compaction_bytes_limit: 274877906944
2023/06/29-10:03:58.285452 7cc0       Options.rate_limit_delay_max_milliseconds: 100
2023/06/29-10:03:58.285455 7cc0                Options.disable_auto_compactions: 0
2023/06/29-10:03:58.285458 7cc0                        Options.compaction_style: kCompactionStyleLevel
2023/06/29-10:03:58.285462 7cc0                          Options.compaction_pri: kMinOverlappingRatio
2023/06/29-10:03:58.285465 7cc0 Options.compaction_options_universal.size_ratio: 1
2023/06/29-10:03:58.285468 7cc0 Options.compaction_options_universal.min_merge_width: 2
2023/06/29-10:03:58.285471 7cc0 Options.compaction_options_universal.max_merge_width: 4294967295
2023/06/29-10:03:58.285474 7cc0 Options.compaction_options_universal.max_size_amplification_percent: 200
2023/06/29-10:03:58.285476 7cc0 Options.compaction_options_universal.compression_size_percent: -1
2023/06/29-10:03:58.285480 7cc0 Options.compaction_options_universal.stop_style: kCompactionStopStyleTotalSize
2023/06/29-10:03:58.285482 7cc0 Options.compaction_options_fifo.max_table_files_size: 1073741824
2023/06/29-10:03:58.285485 7cc0 Options.compaction_options_fifo.allow_compaction: 0
2023/06/29-10:03:58.285489 7cc0                   Options.table_properties_collectors: 
2023/06/29-10:03:58.285492 7cc0                   Options.inplace_update_support: 0
2023/06/29-10:03:58.285495 7cc0                 Options.inplace_update_num_locks: 10000
2023/06/29-10:03:58.285498 7cc0               Options.memtable_prefix_bloom_size_ratio: 0.000000
2023/06/29-10:03:58.285501 7cc0               Options.memtable_whole_key_filtering: 0
2023/06/29-10:03:58.285504 7cc0   Options.memtable_huge_page_size: 0
2023/06/29-10:03:58.285507 7cc0                           Options.bloom_locality: 0
2023/06/29-10:03:58.285510 7cc0                    Options.max_successive_merges: 0
2023/06/29-10:03:58.285513 7cc0                Options.optimize_filters_for_hits: 0
2023/06/29-10:03:58.285532 7cc0                Options.paranoid_file_checks: 0
2023/06/29-10:03:58.285536 7cc0                Options.force_consistency_checks: 1
2023/06/29-10:03:58.285539 7cc0                Options.report_bg_io_stats: 0
2023/06/29-10:03:58.285542 7cc0                               Options.ttl: 2592000
2023/06/29-10:03:58.285545 7cc0          Options.periodic_compaction_seconds: 0
2023/06/29-10:03:58.285548 7cc0                    Options.enable_blob_files: false
2023/06/29-10:03:58.285551 7cc0                        Options.min_blob_size: 0
2023/06/29-10:03:58.285554 7cc0                       Options.blob_file_size: 268435456
2023/06/29-10:03:58.285557 7cc0                Options.blob_compression_type: NoCompression
2023/06/29-10:03:58.285560 7cc0       Options.enable_blob_garbage_collection: false
2023/06/29-10:03:58.285563 7cc0   Options.blob_garbage_collection_age_cutoff: 0.250000
2023/06/29-10:03:58.285601 7cc0 [db\column_family.cc:597] --------------- Options for column family []:
2023/06/29-10:03:58.285606 7cc0               Options.comparator: leveldb.BytewiseComparator
2023/06/29-10:03:58.285609 7cc0           Options.merge_operator: None
2023/06/29-10:03:58.285612 7cc0        Options.compaction_filter: None
2023/06/29-10:03:58.285615 7cc0        Options.compaction_filter_factory: None
2023/06/29-10:03:58.285618 7cc0  Options.sst_partitioner_factory: None
2023/06/29-10:03:58.285621 7cc0         Options.memtable_factory: SkipListFactory
2023/06/29-10:03:58.285624 7cc0            Options.table_factory: BlockBasedTable
2023/06/29-10:03:58.285640 7cc0            table_factory options:   flush_block_policy_factory: FlushBlockBySizePolicyFactory (000001BB961B3A40)
  cache_index_and_filter_blocks: 0
  cache_index_and_filter_blocks_with_high_priority: 1
  pin_l0_filter_and_index_blocks_in_cache: 0
  pin_top_level_index_and_filter: 1
  index_type: 0
  data_block_index_type: 0
  index_shortening: 1
  data_block_hash_table_util_ratio: 0.750000
  hash_index_allow_collision: 1
  checksum: 1
  no_block_cache: 0
  block_cache: 000001BB96642780
  block_cache_name: LRUCache
  block_cache_options:
    capacity : 8388608
    num_shard_bits : 4
    strict_capacity_limit : 0
    memory_allocator : None
    high_pri_pool_ratio: 0.000
  block_cache_compressed: 0000000000000000
  persistent_cache: 0000000000000000
  block_size: 4096
  block_size_deviation: 10
  block_restart_interval: 16
  index_block_restart_interval: 1
  metadata_block_size: 4096
  partition_filters: 0
  use_delta_encoding: 1
  filter_policy: nullptr
  whole_key_filtering: 1
  verify_compression: 0
  read_amp_bytes_per_bit: 0
  format_version: 4
  enable_index_compression: 1
  block_align: 0
2023/06/29-10:03:58.285644 7cc0        Options.write_buffer_size: 67108864
2023/06/29-10:03:58.285647 7cc0  Options.max_write_buffer_number: 2
2023/06/29-10:03:58.285650 7cc0          Options.compression: Snappy
2023/06/29-10:03:58.285653 7cc0                  Options.bottommost_compression: Disabled
2023/06/29-10:03:58.285656 7cc0       Options.prefix_extractor: nullptr
2023/06/29-10:03:58.285659 7cc0   Options.memtable_insert_with_hint_prefix_extractor: nullptr
2023/06/29-10:03:58.285662 7cc0             Options.num_levels: 7
2023/06/29-10:03:58.285665 7cc0        Options.min_write_buffer_number_to_merge: 1
2023/06/29-10:03:58.285667 7cc0     Options.max_write_buffer_number_to_maintain: 0
2023/06/29-10:03:58.285670 7cc0     Options.max_write_buffer_size_to_maintain: 134217728
2023/06/29-10:03:58.285673 7cc0            Options.bottommost_compression_opts.window_bits: -14
2023/06/29-10:03:58.285676 7cc0                  Options.bottommost_compression_opts.level: 32767
2023/06/29-10:03:58.285679 7cc0               Options.bottommost_compression_opts.strategy: 0
2023/06/29-10:03:58.285682 7cc0         Options.bottommost_compression_opts.max_dict_bytes: 0
2023/06/29-10:03:58.285685 7cc0         Options.bottommost_compression_opts.zstd_max_train_bytes: 0
2023/06/29-10:03:58.285688 7cc0         Options.bottommost_compression_opts.parallel_threads: 1
2023/06/29-10:03:58.285691 7cc0                  Options.bottommost_compression_opts.enabled: false
2023/06/29-10:03:58.285713 7cc0            Options.compression_opts.window_bits: -14
2023/06/29-10:03:58.285718 7cc0                  Options.compression_opts.level: 32767
2023/06/29-10:03:58.285721 7cc0               Options.compression_opts.strategy: 0
2023/06/29-10:03:58.285724 7cc0         Options.compression_opts.max_dict_bytes: 0
2023/06/29-10:03:58.285727 7cc0         Options.compression_opts.zstd_max_train_bytes: 0
2023/06/29-10:03:58.285730 7cc0         Options.compression_opts.parallel_threads: 1
2023/06/29-10:03:58.285733 7cc0                  Options.compression_opts.enabled: false
2023/06/29-10:03:58.285736 7cc0      Options.level0_file_num_compaction_trigger: 4
2023/06/29-10:03:58.285739 7cc0          Options.level0_slowdown_writes_trigger: 20
2023/06/29-10:03:58.285741 7cc0              Options.level0_stop_writes_trigger: 36
2023/06/29-10:03:58.285744 7cc0                   Options.target_file_size_base: 67108864
2023/06/29-10:03:58.285747 7cc0             Options.target_file_size_multiplier: 1
2023/06/29-10:03:58.285750 7cc0                Options.max_bytes_for_level_base: 268435456
2023/06/29-10:03:58.285753 7cc0 Options.level_compaction_dynamic_level_bytes: 0
2023/06/29-10:03:58.285756 7cc0          Options.max_bytes_for_level_multiplier: 10.000000
2023/06/29-10:03:58.285760 7cc0 Options.max_bytes_for_level_multiplier_addtl[0]: 1
2023/06/29-10:03:58.285763 7cc0 Options.max_bytes_for_level_multiplier_addtl[1]: 1
2023/06/29-10:03:58.285766 7cc0 Options.max_bytes_for_level_multiplier_addtl[2]: 1
2023/06/29-10:03:58.285769 7cc0 Options.max_bytes_for_level_multiplier_addtl[3]: 1
2023/06/29-10:03:58.285772 7cc0 Options.max_bytes_for_level_multiplier_addtl[4]: 1
2023/06/29-10:03:58.285775 7cc0 Options.max_bytes_for_level_multiplier_addtl[5]: 1
2023/06/29-10:03:58.285778 7cc0 Options.max_bytes_for_level_multiplier_addtl[6]: 1
2023/06/29-10:03:58.285780 7cc0       Options.max_sequential_skip_in_iterations: 8
2023/06/29-10:03:58.285783 7cc0                    Options.max_compaction_bytes: 1677721600
2023/06/29-10:03:58.285786 7cc0                        Options.arena_block_size: 8388608
2023/06/29-10:03:58.285789 7cc0   Options.soft_pending_compaction_bytes_limit: 68719476736
2023/06/29-10:03:58.285792 7cc0   Options.hard_pending_compaction_bytes_limit: 274877906944
2023/06/29-10:03:58.285795 7cc0       Options.rate_limit_delay_max_milliseconds: 100
2023/06/29-10:03:58.285798 7cc0                Options.disable_auto_compactions: 0
2023/06/29-10:03:58.285801 7cc0                        Options.compaction_style: kCompactionStyleLevel
2023/06/29-10:03:58.285805 7cc0                          Options.compaction_pri: kMinOverlappingRatio
2023/06/29-10:03:58.285808 7cc0 Options.compaction_options_universal.size_ratio: 1
2023/06/29-10:03:58.285811 7cc0 Options.compaction_options_universal.min_merge_width: 2
2023/06/29-10:03:58.285813 7cc0 Options.compaction_options_universal.max_merge_width: 4294967295
