2023/06/29-10:38:17.048821 6b9c RocksDB version: 6.15.2
2023/06/29-10:38:17.048875 6b9c Git sha rocksdb_build_git_sha:@ca8082762f736a665b75fa1d39468856071bc3a9@
2023/06/29-10:38:17.048890 6b9c Compile date Jan  4 2021
2023/06/29-10:38:17.048917 6b9c DB SUMMARY
2023/06/29-10:38:17.048931 6b9c DB Session ID:  6S819GAD1CFAE4D9XEP8
2023/06/29-10:38:17.049089 6b9c CURRENT file:  CURRENT
2023/06/29-10:38:17.049103 6b9c IDENTITY file:  IDENTITY
2023/06/29-10:38:17.049138 6b9c MANIFEST file:  MANIFEST-000192 size: 882 Bytes
2023/06/29-10:38:17.049152 6b9c SST files in C:\Users\susmi\qbft-network\node3\data\database dir, Total Num: 3, files: 000023.sst 000158.sst 000161.sst 
2023/06/29-10:38:17.049162 6b9c Write Ahead Log file in C:\Users\susmi\qbft-network\node3\data\database: 000193.log size: 0 ; 
2023/06/29-10:38:17.049334 6b9c                         Options.error_if_exists: 0
2023/06/29-10:38:17.049342 6b9c                       Options.create_if_missing: 1
2023/06/29-10:38:17.049346 6b9c                         Options.paranoid_checks: 1
2023/06/29-10:38:17.049349 6b9c                               Options.track_and_verify_wals_in_manifest: 0
2023/06/29-10:38:17.049353 6b9c                                     Options.env: 000001FD2F56A5A0
2023/06/29-10:38:17.049362 6b9c                                      Options.fs: Legacy File System
2023/06/29-10:38:17.049366 6b9c                                Options.info_log: 000001FD2F242010
2023/06/29-10:38:17.049369 6b9c                Options.max_file_opening_threads: 16
2023/06/29-10:38:17.049372 6b9c                              Options.statistics: 000001FD2F4ACBB0
2023/06/29-10:38:17.049375 6b9c                               Options.use_fsync: 0
2023/06/29-10:38:17.049379 6b9c                       Options.max_log_file_size: 0
2023/06/29-10:38:17.049382 6b9c                  Options.max_manifest_file_size: 1073741824
2023/06/29-10:38:17.049389 6b9c                   Options.log_file_time_to_roll: 0
2023/06/29-10:38:17.049392 6b9c                       Options.keep_log_file_num: 1000
2023/06/29-10:38:17.049395 6b9c                    Options.recycle_log_file_num: 0
2023/06/29-10:38:17.049398 6b9c                         Options.allow_fallocate: 1
2023/06/29-10:38:17.049402 6b9c                        Options.allow_mmap_reads: 0
2023/06/29-10:38:17.049405 6b9c                       Options.allow_mmap_writes: 0
2023/06/29-10:38:17.049408 6b9c                        Options.use_direct_reads: 0
2023/06/29-10:38:17.049411 6b9c                        Options.use_direct_io_for_flush_and_compaction: 0
2023/06/29-10:38:17.049414 6b9c          Options.create_missing_column_families: 1
2023/06/29-10:38:17.049417 6b9c                              Options.db_log_dir: 
2023/06/29-10:38:17.049420 6b9c                                 Options.wal_dir: C:\Users\susmi\qbft-network\node3\data\database
2023/06/29-10:38:17.049424 6b9c                Options.table_cache_numshardbits: 6
2023/06/29-10:38:17.049427 6b9c                         Options.WAL_ttl_seconds: 0
2023/06/29-10:38:17.049430 6b9c                       Options.WAL_size_limit_MB: 0
2023/06/29-10:38:17.049433 6b9c                        Options.max_write_batch_group_size_bytes: 1048576
2023/06/29-10:38:17.049437 6b9c             Options.manifest_preallocation_size: 4194304
2023/06/29-10:38:17.049440 6b9c                     Options.is_fd_close_on_exec: 1
2023/06/29-10:38:17.049443 6b9c                   Options.advise_random_on_open: 1
2023/06/29-10:38:17.049446 6b9c                    Options.db_write_buffer_size: 0
2023/06/29-10:38:17.049449 6b9c                    Options.write_buffer_manager: 000001FD2F4A19E0
2023/06/29-10:38:17.049452 6b9c         Options.access_hint_on_compaction_start: 1
2023/06/29-10:38:17.049455 6b9c  Options.new_table_reader_for_compaction_inputs: 0
2023/06/29-10:38:17.049458 6b9c           Options.random_access_max_buffer_size: 1048576
2023/06/29-10:38:17.049462 6b9c                      Options.use_adaptive_mutex: 0
2023/06/29-10:38:17.049465 6b9c                            Options.rate_limiter: 0000000000000000
2023/06/29-10:38:17.049488 6b9c     Options.sst_file_manager.rate_bytes_per_sec: 0
2023/06/29-10:38:17.049493 6b9c                       Options.wal_recovery_mode: 2
2023/06/29-10:38:17.049496 6b9c                  Options.enable_thread_tracking: 0
2023/06/29-10:38:17.049499 6b9c                  Options.enable_pipelined_write: 0
2023/06/29-10:38:17.049502 6b9c                  Options.unordered_write: 0
2023/06/29-10:38:17.049505 6b9c         Options.allow_concurrent_memtable_write: 1
2023/06/29-10:38:17.049508 6b9c      Options.enable_write_thread_adaptive_yield: 1
2023/06/29-10:38:17.049512 6b9c             Options.write_thread_max_yield_usec: 100
2023/06/29-10:38:17.049515 6b9c            Options.write_thread_slow_yield_usec: 3
2023/06/29-10:38:17.049518 6b9c                               Options.row_cache: None
2023/06/29-10:38:17.049521 6b9c                              Options.wal_filter: None
2023/06/29-10:38:17.049524 6b9c             Options.avoid_flush_during_recovery: 0
2023/06/29-10:38:17.049527 6b9c             Options.allow_ingest_behind: 0
2023/06/29-10:38:17.049530 6b9c             Options.preserve_deletes: 0
2023/06/29-10:38:17.049534 6b9c             Options.two_write_queues: 0
2023/06/29-10:38:17.049537 6b9c             Options.manual_wal_flush: 0
2023/06/29-10:38:17.049540 6b9c             Options.atomic_flush: 0
2023/06/29-10:38:17.049543 6b9c             Options.avoid_unnecessary_blocking_io: 0
2023/06/29-10:38:17.049546 6b9c                 Options.persist_stats_to_disk: 0
2023/06/29-10:38:17.049549 6b9c                 Options.write_dbid_to_manifest: 0
2023/06/29-10:38:17.049552 6b9c                 Options.log_readahead_size: 0
2023/06/29-10:38:17.049555 6b9c                 Options.file_checksum_gen_factory: Unknown
2023/06/29-10:38:17.049559 6b9c                 Options.best_efforts_recovery: 0
2023/06/29-10:38:17.049562 6b9c                Options.max_bgerror_resume_count: 2147483647
2023/06/29-10:38:17.049565 6b9c            Options.bgerror_resume_retry_interval: 1000000
2023/06/29-10:38:17.049568 6b9c             Options.allow_data_in_errors: 0
2023/06/29-10:38:17.049571 6b9c             Options.db_host_id: __hostname__
2023/06/29-10:38:17.049574 6b9c             Options.max_background_jobs: 2
2023/06/29-10:38:17.049577 6b9c             Options.max_background_compactions: 4
2023/06/29-10:38:17.049584 6b9c             Options.max_subcompactions: 1
2023/06/29-10:38:17.049587 6b9c             Options.avoid_flush_during_shutdown: 0
2023/06/29-10:38:17.049591 6b9c           Options.writable_file_max_buffer_size: 1048576
2023/06/29-10:38:17.049594 6b9c             Options.delayed_write_rate : 16777216
2023/06/29-10:38:17.049597 6b9c             Options.max_total_wal_size: 0
2023/06/29-10:38:17.049600 6b9c             Options.delete_obsolete_files_period_micros: 21600000000
2023/06/29-10:38:17.049603 6b9c                   Options.stats_dump_period_sec: 600
2023/06/29-10:38:17.049606 6b9c                 Options.stats_persist_period_sec: 600
2023/06/29-10:38:17.049610 6b9c                 Options.stats_history_buffer_size: 1048576
2023/06/29-10:38:17.049613 6b9c                          Options.max_open_files: 1024
2023/06/29-10:38:17.049616 6b9c                          Options.bytes_per_sync: 0
2023/06/29-10:38:17.049619 6b9c                      Options.wal_bytes_per_sync: 0
2023/06/29-10:38:17.049622 6b9c                   Options.strict_bytes_per_sync: 0
2023/06/29-10:38:17.049625 6b9c       Options.compaction_readahead_size: 0
2023/06/29-10:38:17.049628 6b9c                  Options.max_background_flushes: -1
2023/06/29-10:38:17.049632 6b9c Compression algorithms supported:
2023/06/29-10:38:17.049635 6b9c 	kZSTD supported: 1
2023/06/29-10:38:17.049638 6b9c 	kSnappyCompression supported: 1
2023/06/29-10:38:17.049642 6b9c 	kBZip2Compression supported: 0
2023/06/29-10:38:17.049645 6b9c 	kZlibCompression supported: 1
2023/06/29-10:38:17.049648 6b9c 	kLZ4Compression supported: 1
2023/06/29-10:38:17.049651 6b9c 	kXpressCompression supported: 0
2023/06/29-10:38:17.049654 6b9c 	kLZ4HCCompression supported: 1
2023/06/29-10:38:17.049675 6b9c 	kZSTDNotFinalCompression supported: 1
2023/06/29-10:38:17.049689 6b9c Fast CRC32 supported: Supported on x86
2023/06/29-10:38:17.050698 6b9c [db\version_set.cc:4725] Recovering from manifest file: C:\Users\susmi\qbft-network\node3\data\database/MANIFEST-000192
2023/06/29-10:38:17.050982 6b9c [db\column_family.cc:597] --------------- Options for column family [default]:
2023/06/29-10:38:17.050997 6b9c               Options.comparator: leveldb.BytewiseComparator
2023/06/29-10:38:17.051001 6b9c           Options.merge_operator: None
2023/06/29-10:38:17.051005 6b9c        Options.compaction_filter: None
2023/06/29-10:38:17.051008 6b9c        Options.compaction_filter_factory: None
2023/06/29-10:38:17.051014 6b9c  Options.sst_partitioner_factory: None
2023/06/29-10:38:17.051018 6b9c         Options.memtable_factory: SkipListFactory
2023/06/29-10:38:17.051021 6b9c            Options.table_factory: BlockBasedTable
2023/06/29-10:38:17.051050 6b9c            table_factory options:   flush_block_policy_factory: FlushBlockBySizePolicyFactory (000001FD2F852830)
  cache_index_and_filter_blocks: 0
  cache_index_and_filter_blocks_with_high_priority: 1
  pin_l0_filter_and_index_blocks_in_cache: 0
  pin_top_level_index_and_filter: 1
  index_type: 0
  data_block_index_type: 0
  index_shortening: 1
  data_block_hash_table_util_ratio: 0.750000
  hash_index_allow_collision: 1
  checksum: 1
  no_block_cache: 0
  block_cache: 000001FD2F51DB70
  block_cache_name: LRUCache
  block_cache_options:
    capacity : 8388608
    num_shard_bits : 4
    strict_capacity_limit : 0
    memory_allocator : None
    high_pri_pool_ratio: 0.000
  block_cache_compressed: 0000000000000000
  persistent_cache: 0000000000000000
  block_size: 4096
  block_size_deviation: 10
  block_restart_interval: 16
  index_block_restart_interval: 1
  metadata_block_size: 4096
  partition_filters: 0
  use_delta_encoding: 1
  filter_policy: nullptr
  whole_key_filtering: 1
  verify_compression: 0
  read_amp_bytes_per_bit: 0
  format_version: 4
  enable_index_compression: 1
  block_align: 0
2023/06/29-10:38:17.051056 6b9c        Options.write_buffer_size: 67108864
2023/06/29-10:38:17.051059 6b9c  Options.max_write_buffer_number: 2
2023/06/29-10:38:17.051062 6b9c          Options.compression: Snappy
2023/06/29-10:38:17.051066 6b9c                  Options.bottommost_compression: Disabled
2023/06/29-10:38:17.051069 6b9c       Options.prefix_extractor: nullptr
2023/06/29-10:38:17.051072 6b9c   Options.memtable_insert_with_hint_prefix_extractor: nullptr
2023/06/29-10:38:17.051075 6b9c             Options.num_levels: 7
2023/06/29-10:38:17.051078 6b9c        Options.min_write_buffer_number_to_merge: 1
2023/06/29-10:38:17.051081 6b9c     Options.max_write_buffer_number_to_maintain: 0
2023/06/29-10:38:17.051084 6b9c     Options.max_write_buffer_size_to_maintain: 134217728
2023/06/29-10:38:17.051088 6b9c            Options.bottommost_compression_opts.window_bits: -14
2023/06/29-10:38:17.051091 6b9c                  Options.bottommost_compression_opts.level: 32767
2023/06/29-10:38:17.051094 6b9c               Options.bottommost_compression_opts.strategy: 0
2023/06/29-10:38:17.051097 6b9c         Options.bottommost_compression_opts.max_dict_bytes: 0
2023/06/29-10:38:17.051101 6b9c         Options.bottommost_compression_opts.zstd_max_train_bytes: 0
2023/06/29-10:38:17.051104 6b9c         Options.bottommost_compression_opts.parallel_threads: 1
2023/06/29-10:38:17.051107 6b9c                  Options.bottommost_compression_opts.enabled: false
2023/06/29-10:38:17.051110 6b9c            Options.compression_opts.window_bits: -14
2023/06/29-10:38:17.051113 6b9c                  Options.compression_opts.level: 32767
2023/06/29-10:38:17.051116 6b9c               Options.compression_opts.strategy: 0
2023/06/29-10:38:17.051119 6b9c         Options.compression_opts.max_dict_bytes: 0
2023/06/29-10:38:17.051123 6b9c         Options.compression_opts.zstd_max_train_bytes: 0
2023/06/29-10:38:17.051126 6b9c         Options.compression_opts.parallel_threads: 1
2023/06/29-10:38:17.051129 6b9c                  Options.compression_opts.enabled: false
2023/06/29-10:38:17.051134 6b9c      Options.level0_file_num_compaction_trigger: 4
2023/06/29-10:38:17.051138 6b9c          Options.level0_slowdown_writes_trigger: 20
2023/06/29-10:38:17.051141 6b9c              Options.level0_stop_writes_trigger: 36
2023/06/29-10:38:17.051144 6b9c                   Options.target_file_size_base: 67108864
2023/06/29-10:38:17.051147 6b9c             Options.target_file_size_multiplier: 1
2023/06/29-10:38:17.051151 6b9c                Options.max_bytes_for_level_base: 268435456
2023/06/29-10:38:17.051154 6b9c Options.level_compaction_dynamic_level_bytes: 0
2023/06/29-10:38:17.051157 6b9c          Options.max_bytes_for_level_multiplier: 10.000000
2023/06/29-10:38:17.051161 6b9c Options.max_bytes_for_level_multiplier_addtl[0]: 1
2023/06/29-10:38:17.051164 6b9c Options.max_bytes_for_level_multiplier_addtl[1]: 1
2023/06/29-10:38:17.051167 6b9c Options.max_bytes_for_level_multiplier_addtl[2]: 1
2023/06/29-10:38:17.051170 6b9c Options.max_bytes_for_level_multiplier_addtl[3]: 1
2023/06/29-10:38:17.051174 6b9c Options.max_bytes_for_level_multiplier_addtl[4]: 1
2023/06/29-10:38:17.051177 6b9c Options.max_bytes_for_level_multiplier_addtl[5]: 1
2023/06/29-10:38:17.051180 6b9c Options.max_bytes_for_level_multiplier_addtl[6]: 1
2023/06/29-10:38:17.051183 6b9c       Options.max_sequential_skip_in_iterations: 8
2023/06/29-10:38:17.051186 6b9c                    Options.max_compaction_bytes: 1677721600
2023/06/29-10:38:17.051189 6b9c                        Options.arena_block_size: 8388608
2023/06/29-10:38:17.051193 6b9c   Options.soft_pending_compaction_bytes_limit: 68719476736
2023/06/29-10:38:17.051196 6b9c   Options.hard_pending_compaction_bytes_limit: 274877906944
2023/06/29-10:38:17.051199 6b9c       Options.rate_limit_delay_max_milliseconds: 100
2023/06/29-10:38:17.051202 6b9c                Options.disable_auto_compactions: 0
2023/06/29-10:38:17.051206 6b9c                        Options.compaction_style: kCompactionStyleLevel
2023/06/29-10:38:17.051210 6b9c                          Options.compaction_pri: kMinOverlappingRatio
2023/06/29-10:38:17.051213 6b9c Options.compaction_options_universal.size_ratio: 1
2023/06/29-10:38:17.051216 6b9c Options.compaction_options_universal.min_merge_width: 2
2023/06/29-10:38:17.051219 6b9c Options.compaction_options_universal.max_merge_width: 4294967295
2023/06/29-10:38:17.051223 6b9c Options.compaction_options_universal.max_size_amplification_percent: 200
2023/06/29-10:38:17.051226 6b9c Options.compaction_options_universal.compression_size_percent: -1
2023/06/29-10:38:17.051229 6b9c Options.compaction_options_universal.stop_style: kCompactionStopStyleTotalSize
2023/06/29-10:38:17.051233 6b9c Options.compaction_options_fifo.max_table_files_size: 1073741824
2023/06/29-10:38:17.051236 6b9c Options.compaction_options_fifo.allow_compaction: 0
2023/06/29-10:38:17.051241 6b9c                   Options.table_properties_collectors: 
2023/06/29-10:38:17.051245 6b9c                   Options.inplace_update_support: 0
2023/06/29-10:38:17.051248 6b9c                 Options.inplace_update_num_locks: 10000
2023/06/29-10:38:17.051251 6b9c               Options.memtable_prefix_bloom_size_ratio: 0.000000
2023/06/29-10:38:17.051255 6b9c               Options.memtable_whole_key_filtering: 0
2023/06/29-10:38:17.051258 6b9c   Options.memtable_huge_page_size: 0
2023/06/29-10:38:17.051261 6b9c                           Options.bloom_locality: 0
2023/06/29-10:38:17.051264 6b9c                    Options.max_successive_merges: 0
2023/06/29-10:38:17.051267 6b9c                Options.optimize_filters_for_hits: 0
2023/06/29-10:38:17.051270 6b9c                Options.paranoid_file_checks: 0
2023/06/29-10:38:17.051273 6b9c                Options.force_consistency_checks: 1
2023/06/29-10:38:17.051276 6b9c                Options.report_bg_io_stats: 0
2023/06/29-10:38:17.051280 6b9c                               Options.ttl: 2592000
2023/06/29-10:38:17.051283 6b9c          Options.periodic_compaction_seconds: 0
2023/06/29-10:38:17.051306 6b9c                    Options.enable_blob_files: false
2023/06/29-10:38:17.051311 6b9c                        Options.min_blob_size: 0
2023/06/29-10:38:17.051314 6b9c                       Options.blob_file_size: 268435456
2023/06/29-10:38:17.051318 6b9c                Options.blob_compression_type: NoCompression
2023/06/29-10:38:17.051321 6b9c       Options.enable_blob_garbage_collection: false
2023/06/29-10:38:17.051324 6b9c   Options.blob_garbage_collection_age_cutoff: 0.250000
2023/06/29-10:38:17.051518 6b9c [db\column_family.cc:597] --------------- Options for column family []:
2023/06/29-10:38:17.051525 6b9c               Options.comparator: leveldb.BytewiseComparator
2023/06/29-10:38:17.051528 6b9c           Options.merge_operator: None
2023/06/29-10:38:17.051531 6b9c        Options.compaction_filter: None
2023/06/29-10:38:17.051534 6b9c        Options.compaction_filter_factory: None
2023/06/29-10:38:17.051538 6b9c  Options.sst_partitioner_factory: None
2023/06/29-10:38:17.051541 6b9c         Options.memtable_factory: SkipListFactory
2023/06/29-10:38:17.051544 6b9c            Options.table_factory: BlockBasedTable
2023/06/29-10:38:17.051566 6b9c            table_factory options:   flush_block_policy_factory: FlushBlockBySizePolicyFactory (000001FD2F852A90)
  cache_index_and_filter_blocks: 0
  cache_index_and_filter_blocks_with_high_priority: 1
  pin_l0_filter_and_index_blocks_in_cache: 0
  pin_top_level_index_and_filter: 1
  index_type: 0
  data_block_index_type: 0
  index_shortening: 1
  data_block_hash_table_util_ratio: 0.750000
  hash_index_allow_collision: 1
  checksum: 1
  no_block_cache: 0
  block_cache: 000001FD2F51DF90
  block_cache_name: LRUCache
  block_cache_options:
    capacity : 8388608
    num_shard_bits : 4
    strict_capacity_limit : 0
    memory_allocator : None
    high_pri_pool_ratio: 0.000
  block_cache_compressed: 0000000000000000
  persistent_cache: 0000000000000000
  block_size: 4096
  block_size_deviation: 10
  block_restart_interval: 16
  index_block_restart_interval: 1
  metadata_block_size: 4096
  partition_filters: 0
  use_delta_encoding: 1
  filter_policy: nullptr
  whole_key_filtering: 1
  verify_compression: 0
  read_amp_bytes_per_bit: 0
  format_version: 4
  enable_index_compression: 1
  block_align: 0
2023/06/29-10:38:17.051570 6b9c        Options.write_buffer_size: 67108864
2023/06/29-10:38:17.051574 6b9c  Options.max_write_buffer_number: 2
2023/06/29-10:38:17.051577 6b9c          Options.compression: Snappy
2023/06/29-10:38:17.051580 6b9c                  Options.bottommost_compression: Disabled
2023/06/29-10:38:17.051583 6b9c       Options.prefix_extractor: nullptr
2023/06/29-10:38:17.051587 6b9c   Options.memtable_insert_with_hint_prefix_extractor: nullptr
2023/06/29-10:38:17.051590 6b9c             Options.num_levels: 7
2023/06/29-10:38:17.051593 6b9c        Options.min_write_buffer_number_to_merge: 1
2023/06/29-10:38:17.051596 6b9c     Options.max_write_buffer_number_to_maintain: 0
2023/06/29-10:38:17.051599 6b9c     Options.max_write_buffer_size_to_maintain: 134217728
2023/06/29-10:38:17.051602 6b9c            Options.bottommost_compression_opts.window_bits: -14
2023/06/29-10:38:17.051605 6b9c                  Options.bottommost_compression_opts.level: 32767
2023/06/29-10:38:17.051609 6b9c               Options.bottommost_compression_opts.strategy: 0
2023/06/29-10:38:17.051612 6b9c         Options.bottommost_compression_opts.max_dict_bytes: 0
2023/06/29-10:38:17.051615 6b9c         Options.bottommost_compression_opts.zstd_max_train_bytes: 0
2023/06/29-10:38:17.051618 6b9c         Options.bottommost_compression_opts.parallel_threads: 1
2023/06/29-10:38:17.051621 6b9c                  Options.bottommost_compression_opts.enabled: false
2023/06/29-10:38:17.051625 6b9c            Options.compression_opts.window_bits: -14
2023/06/29-10:38:17.051632 6b9c                  Options.compression_opts.level: 32767
2023/06/29-10:38:17.051635 6b9c               Options.compression_opts.strategy: 0
2023/06/29-10:38:17.051638 6b9c         Options.compression_opts.max_dict_bytes: 0
2023/06/29-10:38:17.051643 6b9c         Options.compression_opts.zstd_max_train_bytes: 0
2023/06/29-10:38:17.051647 6b9c         Options.compression_opts.parallel_threads: 1
2023/06/29-10:38:17.051650 6b9c                  Options.compression_opts.enabled: false
2023/06/29-10:38:17.051653 6b9c      Options.level0_file_num_compaction_trigger: 4
2023/06/29-10:38:17.051657 6b9c          Options.level0_slowdown_writes_trigger: 20
2023/06/29-10:38:17.051660 6b9c              Options.level0_stop_writes_trigger: 36
2023/06/29-10:38:17.051663 6b9c                   Options.target_file_size_base: 67108864
2023/06/29-10:38:17.051666 6b9c             Options.target_file_size_multiplier: 1
2023/06/29-10:38:17.051669 6b9c                Options.max_bytes_for_level_base: 268435456
2023/06/29-10:38:17.051673 6b9c Options.level_compaction_dynamic_level_bytes: 0
2023/06/29-10:38:17.051676 6b9c          Options.max_bytes_for_level_multiplier: 10.000000
2023/06/29-10:38:17.051679 6b9c Options.max_bytes_for_level_multiplier_addtl[0]: 1
2023/06/29-10:38:17.051683 6b9c Options.max_bytes_for_level_multiplier_addtl[1]: 1
2023/06/29-10:38:17.051686 6b9c Options.max_bytes_for_level_multiplier_addtl[2]: 1
2023/06/29-10:38:17.051689 6b9c Options.max_bytes_for_level_multiplier_addtl[3]: 1
2023/06/29-10:38:17.051692 6b9c Options.max_bytes_for_level_multiplier_addtl[4]: 1
2023/06/29-10:38:17.051695 6b9c Options.max_bytes_for_level_multiplier_addtl[5]: 1
2023/06/29-10:38:17.051699 6b9c Options.max_bytes_for_level_multiplier_addtl[6]: 1
2023/06/29-10:38:17.051702 6b9c       Options.max_sequential_skip_in_iterations: 8
2023/06/29-10:38:17.051705 6b9c                    Options.max_compaction_bytes: 1677721600
2023/06/29-10:38:17.051708 6b9c                        Options.arena_block_size: 8388608
2023/06/29-10:38:17.051711 6b9c   Options.soft_pending_compaction_bytes_limit: 68719476736
2023/06/29-10:38:17.051715 6b9c   Options.hard_pending_compaction_bytes_limit: 274877906944
2023/06/29-10:38:17.051718 6b9c       Options.rate_limit_delay_max_milliseconds: 100
2023/06/29-10:38:17.051721 6b9c                Options.disable_auto_compactions: 0
2023/06/29-10:38:17.051725 6b9c                        Options.compaction_style: kCompactionStyleLevel
2023/06/29-10:38:17.051728 6b9c                          Options.compaction_pri: kMinOverlappingRatio
2023/06/29-10:38:17.051731 6b9c Options.compaction_options_universal.size_ratio: 1
2023/06/29-10:38:17.051734 6b9c Options.compaction_options_universal.min_merge_width: 2
2023/06/29-10:38:17.051738 6b9c Options.compaction_options_universal.max_merge_width: 4294967295
2023/06/29-10:38:17.051741 6b9c Options.compaction_options_universal.max_size_amplification_percent: 200
2023/06/29-10:38:17.051744 6b9c Options.compaction_options_universal.compression_size_percent: -1
2023/06/29-10:38:17.051748 6b9c Options.compaction_options_universal.stop_style: kCompactionStopStyleTotalSize
2023/06/29-10:38:17.051751 6b9c Options.compaction_options_fifo.max_table_files_size: 1073741824
2023/06/29-10:38:17.051754 6b9c Options.compaction_options_fifo.allow_compaction: 0
2023/06/29-10:38:17.051758 6b9c                   Options.table_properties_collectors: 
2023/06/29-10:38:17.051761 6b9c                   Options.inplace_update_support: 0
2023/06/29-10:38:17.051765 6b9c                 Options.inplace_update_num_locks: 10000
2023/06/29-10:38:17.051768 6b9c               Options.memtable_prefix_bloom_size_ratio: 0.000000
2023/06/29-10:38:17.051771 6b9c               Options.memtable_whole_key_filtering: 0
2023/06/29-10:38:17.051774 6b9c   Options.memtable_huge_page_size: 0
2023/06/29-10:38:17.051778 6b9c                           Options.bloom_locality: 0
2023/06/29-10:38:17.051781 6b9c                    Options.max_successive_merges: 0
2023/06/29-10:38:17.051784 6b9c                Options.optimize_filters_for_hits: 0
2023/06/29-10:38:17.051787 6b9c                Options.paranoid_file_checks: 0
2023/06/29-10:38:17.051790 6b9c                Options.force_consistency_checks: 1
2023/06/29-10:38:17.051793 6b9c                Options.report_bg_io_stats: 0
2023/06/29-10:38:17.051798 6b9c                               Options.ttl: 2592000
2023/06/29-10:38:17.051801 6b9c          Options.periodic_compaction_seconds: 0
2023/06/29-10:38:17.051805 6b9c                    Options.enable_blob_files: false
2023/06/29-10:38:17.051808 6b9c                        Options.min_blob_size: 0
2023/06/29-10:38:17.051811 6b9c                       Options.blob_file_size: 268435456
2023/06/29-10:38:17.051814 6b9c                Options.blob_compression_type: NoCompression
2023/06/29-10:38:17.051818 6b9c       Options.enable_blob_garbage_collection: false
2023/06/29-10:38:17.051821 6b9c   Options.blob_garbage_collection_age_cutoff: 0.250000
2023/06/29-10:38:17.051883 6b9c [db\column_family.cc:597] --------------- Options for column family []:
2023/06/29-10:38:17.051889 6b9c               Options.comparator: leveldb.BytewiseComparator
2023/06/29-10:38:17.051893 6b9c           Options.merge_operator: None
2023/06/29-10:38:17.051896 6b9c        Options.compaction_filter: None
2023/06/29-10:38:17.051899 6b9c        Options.compaction_filter_factory: None
2023/06/29-10:38:17.051902 6b9c  Options.sst_partitioner_factory: None
2023/06/29-10:38:17.051905 6b9c         Options.memtable_factory: SkipListFactory
2023/06/29-10:38:17.051908 6b9c            Options.table_factory: BlockBasedTable
2023/06/29-10:38:17.051929 6b9c            table_factory options:   flush_block_policy_factory: FlushBlockBySizePolicyFactory (000001FD2F852AD0)
  cache_index_and_filter_blocks: 0
  cache_index_and_filter_blocks_with_high_priority: 1
  pin_l0_filter_and_index_blocks_in_cache: 0
  pin_top_level_index_and_filter: 1
  index_type: 0
  data_block_index_type: 0
  index_shortening: 1
  data_block_hash_table_util_ratio: 0.750000
  hash_index_allow_collision: 1
  checksum: 1
  no_block_cache: 0
  block_cache: 000001FD2F51D750
  block_cache_name: LRUCache
  block_cache_options:
    capacity : 8388608
    num_shard_bits : 4
    strict_capacity_limit : 0
    memory_allocator : None
    high_pri_pool_ratio: 0.000
  block_cache_compressed: 0000000000000000
  persistent_cache: 0000000000000000
  block_size: 4096
  block_size_deviation: 10
  block_restart_interval: 16
  index_block_restart_interval: 1
  metadata_block_size: 4096
  partition_filters: 0
  use_delta_encoding: 1
  filter_policy: nullptr
  whole_key_filtering: 1
  verify_compression: 0
  read_amp_bytes_per_bit: 0
  format_version: 4
  enable_index_compression: 1
  block_align: 0
2023/06/29-10:38:17.051933 6b9c        Options.write_buffer_size: 67108864
2023/06/29-10:38:17.051936 6b9c  Options.max_write_buffer_number: 2
2023/06/29-10:38:17.051940 6b9c          Options.compression: Snappy
2023/06/29-10:38:17.051943 6b9c                  Options.bottommost_compression: Disabled
2023/06/29-10:38:17.051946 6b9c       Options.prefix_extractor: nullptr
2023/06/29-10:38:17.051949 6b9c   Options.memtable_insert_with_hint_prefix_extractor: nullptr
2023/06/29-10:38:17.051952 6b9c             Options.num_levels: 7
2023/06/29-10:38:17.051956 6b9c        Options.min_write_buffer_number_to_merge: 1
2023/06/29-10:38:17.051959 6b9c     Options.max_write_buffer_number_to_maintain: 0
2023/06/29-10:38:17.051962 6b9c     Options.max_write_buffer_size_to_maintain: 134217728
2023/06/29-10:38:17.051965 6b9c            Options.bottommost_compression_opts.window_bits: -14
2023/06/29-10:38:17.051968 6b9c                  Options.bottommost_compression_opts.level: 32767
2023/06/29-10:38:17.051971 6b9c               Options.bottommost_compression_opts.strategy: 0
2023/06/29-10:38:17.051975 6b9c         Options.bottommost_compression_opts.max_dict_bytes: 0
2023/06/29-10:38:17.051978 6b9c         Options.bottommost_compression_opts.zstd_max_train_bytes: 0
2023/06/29-10:38:17.051981 6b9c         Options.bottommost_compression_opts.parallel_threads: 1
2023/06/29-10:38:17.051984 6b9c                  Options.bottommost_compression_opts.enabled: false
2023/06/29-10:38:17.051988 6b9c            Options.compression_opts.window_bits: -14
2023/06/29-10:38:17.051991 6b9c                  Options.compression_opts.level: 32767
2023/06/29-10:38:17.051995 6b9c               Options.compression_opts.strategy: 0
2023/06/29-10:38:17.051999 6b9c         Options.compression_opts.max_dict_bytes: 0
2023/06/29-10:38:17.052002 6b9c         Options.compression_opts.zstd_max_train_bytes: 0
2023/06/29-10:38:17.052006 6b9c         Options.compression_opts.parallel_threads: 1
2023/06/29-10:38:17.052009 6b9c                  Options.compression_opts.enabled: false
2023/06/29-10:38:17.052012 6b9c      Options.level0_file_num_compaction_trigger: 4
2023/06/29-10:38:17.052015 6b9c          Options.level0_slowdown_writes_trigger: 20
2023/06/29-10:38:17.052019 6b9c              Options.level0_stop_writes_trigger: 36
2023/06/29-10:38:17.052022 6b9c                   Options.target_file_size_base: 67108864
2023/06/29-10:38:17.052025 6b9c             Options.target_file_size_multiplier: 1
2023/06/29-10:38:17.052028 6b9c                Options.max_bytes_for_level_base: 268435456
2023/06/29-10:38:17.052031 6b9c Options.level_compaction_dynamic_level_bytes: 0
2023/06/29-10:38:17.052034 6b9c          Options.max_bytes_for_level_multiplier: 10.000000
2023/06/29-10:38:17.052038 6b9c Options.max_bytes_for_level_multiplier_addtl[0]: 1
2023/06/29-10:38:17.052041 6b9c Options.max_bytes_for_level_multiplier_addtl[1]: 1
2023/06/29-10:38:17.052045 6b9c Options.max_bytes_for_level_multiplier_addtl[2]: 1
2023/06/29-10:38:17.052048 6b9c Options.max_bytes_for_level_multiplier_addtl[3]: 1
2023/06/29-10:38:17.052051 6b9c Options.max_bytes_for_level_multiplier_addtl[4]: 1
2023/06/29-10:38:17.052054 6b9c Options.max_bytes_for_level_multiplier_addtl[5]: 1
2023/06/29-10:38:17.052057 6b9c Options.max_bytes_for_level_multiplier_addtl[6]: 1
2023/06/29-10:38:17.052061 6b9c       Options.max_sequential_skip_in_iterations: 8
2023/06/29-10:38:17.052064 6b9c                    Options.max_compaction_bytes: 1677721600
2023/06/29-10:38:17.052067 6b9c                        Options.arena_block_size: 8388608
2023/06/29-10:38:17.052070 6b9c   Options.soft_pending_compaction_bytes_limit: 68719476736
2023/06/29-10:38:17.052074 6b9c   Options.hard_pending_compaction_bytes_limit: 274877906944
2023/06/29-10:38:17.052077 6b9c       Options.rate_limit_delay_max_milliseconds: 100
2023/06/29-10:38:17.052080 6b9c                Options.disable_auto_compactions: 0
2023/06/29-10:38:17.052084 6b9c                        Options.compaction_style: kCompactionStyleLevel
2023/06/29-10:38:17.052087 6b9c                          Options.compaction_pri: kMinOverlappingRatio
2023/06/29-10:38:17.052090 6b9c Options.compaction_options_universal.size_ratio: 1
2023/06/29-10:38:17.052094 6b9c Options.compaction_options_universal.min_merge_width: 2
2023/06/29-10:38:17.052097 6b9c Options.compaction_options_universal.max_merge_width: 4294967295
2023/06/29-10:38:17.052100 6b9c Options.compaction_options_universal.max_size_amplification_percent: 200
2023/06/29-10:38:17.052103 6b9c Options.compaction_options_universal.compression_size_percent: -1
2023/06/29-10:38:17.052107 6b9c Options.compaction_options_universal.stop_style: kCompactionStopStyleTotalSize
2023/06/29-10:38:17.052110 6b9c Options.compaction_options_fifo.max_table_files_size: 1073741824
2023/06/29-10:38:17.052113 6b9c Options.compaction_options_fifo.allow_compaction: 0
2023/06/29-10:38:17.052117 6b9c                   Options.table_properties_collectors: 
2023/06/29-10:38:17.052121 6b9c                   Options.inplace_update_support: 0
2023/06/29-10:38:17.052124 6b9c                 Options.inplace_update_num_locks: 10000
2023/06/29-10:38:17.052127 6b9c               Options.memtable_prefix_bloom_size_ratio: 0.000000
2023/06/29-10:38:17.052130 6b9c               Options.memtable_whole_key_filtering: 0
2023/06/29-10:38:17.052133 6b9c   Options.memtable_huge_page_size: 0
2023/06/29-10:38:17.052137 6b9c                           Options.bloom_locality: 0
2023/06/29-10:38:17.052140 6b9c                    Options.max_successive_merges: 0
2023/06/29-10:38:17.052143 6b9c                Options.optimize_filters_for_hits: 0
2023/06/29-10:38:17.052178 6b9c                Options.paranoid_file_checks: 0
2023/06/29-10:38:17.052183 6b9c                Options.force_consistency_checks: 1
2023/06/29-10:38:17.052186 6b9c                Options.report_bg_io_stats: 0
2023/06/29-10:38:17.052190 6b9c                               Options.ttl: 2592000
2023/06/29-10:38:17.052193 6b9c          Options.periodic_compaction_seconds: 0
2023/06/29-10:38:17.052196 6b9c                    Options.enable_blob_files: false
2023/06/29-10:38:17.052199 6b9c                        Options.min_blob_size: 0
2023/06/29-10:38:17.052202 6b9c                       Options.blob_file_size: 268435456
2023/06/29-10:38:17.052206 6b9c                Options.blob_compression_type: NoCompression
2023/06/29-10:38:17.052209 6b9c       Options.enable_blob_garbage_collection: false
2023/06/29-10:38:17.052212 6b9c   Options.blob_garbage_collection_age_cutoff: 0.250000
2023/06/29-10:38:17.052253 6b9c [db\column_family.cc:597] --------------- Options for column family []:
2023/06/29-10:38:17.052258 6b9c               Options.comparator: leveldb.BytewiseComparator
2023/06/29-10:38:17.052262 6b9c           Options.merge_operator: None
2023/06/29-10:38:17.052265 6b9c        Options.compaction_filter: None
2023/06/29-10:38:17.052268 6b9c        Options.compaction_filter_factory: None
2023/06/29-10:38:17.052271 6b9c  Options.sst_partitioner_factory: None
2023/06/29-10:38:17.052274 6b9c         Options.memtable_factory: SkipListFactory
2023/06/29-10:38:17.052277 6b9c            Options.table_factory: BlockBasedTable
2023/06/29-10:38:17.052296 6b9c            table_factory options:   flush_block_policy_factory: FlushBlockBySizePolicyFactory (000001FD2F852950)
  cache_index_and_filter_blocks: 0
  cache_index_and_filter_blocks_with_high_priority: 1
  pin_l0_filter_and_index_blocks_in_cache: 0
  pin_top_level_index_and_filter: 1
  index_type: 0
  data_block_index_type: 0
  index_shortening: 1
  data_block_hash_table_util_ratio: 0.750000
  hash_index_allow_collision: 1
  checksum: 1
  no_block_cache: 0
  block_cache: 000001FD2F51D070
  block_cache_name: LRUCache
  block_cache_options:
    capacity : 8388608
    num_shard_bits : 4
    strict_capacity_limit : 0
    memory_allocator : None
    high_pri_pool_ratio: 0.000
  block_cache_compressed: 0000000000000000
  persistent_cache: 0000000000000000
  block_size: 4096
  block_size_deviation: 10
  block_restart_interval: 16
  index_block_restart_interval: 1
  metadata_block_size: 4096
  partition_filters: 0
  use_delta_encoding: 1
  filter_policy: nullptr
  whole_key_filtering: 1
  verify_compression: 0
  read_amp_bytes_per_bit: 0
  format_version: 4
  enable_index_compression: 1
  block_align: 0
2023/06/29-10:38:17.052300 6b9c        Options.write_buffer_size: 67108864
2023/06/29-10:38:17.052304 6b9c  Options.max_write_buffer_number: 2
2023/06/29-10:38:17.052307 6b9c          Options.compression: Snappy
2023/06/29-10:38:17.052310 6b9c                  Options.bottommost_compression: Disabled
2023/06/29-10:38:17.052314 6b9c       Options.prefix_extractor: nullptr
2023/06/29-10:38:17.052317 6b9c   Options.memtable_insert_with_hint_prefix_extractor: nullptr
2023/06/29-10:38:17.052320 6b9c             Options.num_levels: 7
2023/06/29-10:38:17.052323 6b9c        Options.min_write_buffer_number_to_merge: 1
2023/06/29-10:38:17.052326 6b9c     Options.max_write_buffer_number_to_maintain: 0
2023/06/29-10:38:17.052329 6b9c     Options.max_write_buffer_size_to_maintain: 134217728
2023/06/29-10:38:17.052332 6b9c            Options.bottommost_compression_opts.window_bits: -14
2023/06/29-10:38:17.052335 6b9c                  Options.bottommost_compression_opts.level: 32767
2023/06/29-10:38:17.052339 6b9c               Options.bottommost_compression_opts.strategy: 0
2023/06/29-10:38:17.052342 6b9c         Options.bottommost_compression_opts.max_dict_bytes: 0
2023/06/29-10:38:17.052345 6b9c         Options.bottommost_compression_opts.zstd_max_train_bytes: 0
2023/06/29-10:38:17.052348 6b9c         Options.bottommost_compression_opts.parallel_threads: 1
2023/06/29-10:38:17.052352 6b9c                  Options.bottommost_compression_opts.enabled: false
2023/06/29-10:38:17.052356 6b9c            Options.compression_opts.window_bits: -14
2023/06/29-10:38:17.052360 6b9c                  Options.compression_opts.level: 32767
2023/06/29-10:38:17.052363 6b9c               Options.compression_opts.strategy: 0
2023/06/29-10:38:17.052366 6b9c         Options.compression_opts.max_dict_bytes: 0
2023/06/29-10:38:17.052369 6b9c         Options.compression_opts.zstd_max_train_bytes: 0
2023/06/29-10:38:17.052373 6b9c         Options.compression_opts.parallel_threads: 1
2023/06/29-10:38:17.052376 6b9c                  Options.compression_opts.enabled: false
2023/06/29-10:38:17.052379 6b9c      Options.level0_file_num_compaction_trigger: 4
2023/06/29-10:38:17.052382 6b9c          Options.level0_slowdown_writes_trigger: 20
2023/06/29-10:38:17.052385 6b9c              Options.level0_stop_writes_trigger: 36
2023/06/29-10:38:17.052388 6b9c                   Options.target_file_size_base: 67108864
2023/06/29-10:38:17.052392 6b9c             Options.target_file_size_multiplier: 1
2023/06/29-10:38:17.052395 6b9c                Options.max_bytes_for_level_base: 268435456
2023/06/29-10:38:17.052398 6b9c Options.level_compaction_dynamic_level_bytes: 0
2023/06/29-10:38:17.052401 6b9c          Options.max_bytes_for_level_multiplier: 10.000000
2023/06/29-10:38:17.052405 6b9c Options.max_bytes_for_level_multiplier_addtl[0]: 1
2023/06/29-10:38:17.052408 6b9c Options.max_bytes_for_level_multiplier_addtl[1]: 1
2023/06/29-10:38:17.052411 6b9c Options.max_bytes_for_level_multiplier_addtl[2]: 1
2023/06/29-10:38:17.052415 6b9c Options.max_bytes_for_level_multiplier_addtl[3]: 1
2023/06/29-10:38:17.052418 6b9c Options.max_bytes_for_level_multiplier_addtl[4]: 1
2023/06/29-10:38:17.052421 6b9c Options.max_bytes_for_level_multiplier_addtl[5]: 1
2023/06/29-10:38:17.052424 6b9c Options.max_bytes_for_level_multiplier_addtl[6]: 1
2023/06/29-10:38:17.052428 6b9c       Options.max_sequential_skip_in_iterations: 8
2023/06/29-10:38:17.052431 6b9c                    Options.max_compaction_bytes: 1677721600
2023/06/29-10:38:17.052434 6b9c                        Options.arena_block_size: 8388608
2023/06/29-10:38:17.052437 6b9c   Options.soft_pending_compaction_bytes_limit: 68719476736
2023/06/29-10:38:17.052440 6b9c   Options.hard_pending_compaction_bytes_limit: 274877906944
2023/06/29-10:38:17.052443 6b9c       Options.rate_limit_delay_max_milliseconds: 100
2023/06/29-10:38:17.052447 6b9c                Options.disable_auto_compactions: 0
2023/06/29-10:38:17.052450 6b9c                        Options.compaction_style: kCompactionStyleLevel
2023/06/29-10:38:17.052454 6b9c                          Options.compaction_pri: kMinOverlappingRatio
2023/06/29-10:38:17.052457 6b9c Options.compaction_options_universal.size_ratio: 1
2023/06/29-10:38:17.052460 6b9c Options.compaction_options_universal.min_merge_width: 2
2023/06/29-10:38:17.052463 6b9c Options.compaction_options_universal.max_merge_width: 4294967295
